  0.25365413981489837       0.24883372876793147       0.24584546475050348       0.25166666666666665     
  0.25725556772664138       0.24770102830521140       0.24179597955563878       0.25324742441250836     
  0.26080486520598589       0.24660123848975116       0.23784901314328558       0.25474488316097726     
  0.26430261171419261       0.24553370952443315       0.23400209421295182       0.25616158454842225     
  0.26774938455866842       0.24449780181696490       0.23025281001787920       0.25750000360648723     
  0.27114575875497554       0.24349288586015236       0.22659880498081816       0.25876255040405366     
  0.27449230689501380       0.24251834211262502       0.22303777934266741       0.25995157164969346     
  0.27778959902118744       0.24157356088004445       0.21956748784319347       0.26106935225557432     
  0.28103820250637246       0.24065794219682568       0.21618573843306302       0.26211811686373848     
  0.28423868193950597       0.23977089570840046       0.21289039101644106       0.26310003133565213     
  0.28739159901662364       0.23891184055404885       0.20967935622342407       0.26401720420590297     
  0.29049751243717653       0.23808020525032544       0.20655059421159649       0.26487168810090100     
  0.29355697780546153       0.23727542757510464       0.20350211349601463       0.26566548112341859     
  0.29657054753700662       0.23649695445226834       0.20053196980693974       0.26640052820378468     
  0.29953877076975410       0.23574424183705811       0.19763826497465800       0.26707872241852915     
  0.30246219327989077       0.23501675460211299       0.19481914584074075       0.26770190627725482     
  0.30534135740217755       0.23431396642421282       0.19207280319511436       0.26827187297849459     
  0.30817680195463476       0.23363535967174584       0.18939747073832380       0.26879036763529490     
  0.31096906216744424       0.23298042529291851       0.18679142406838919       0.26925908847124735     
  0.31371866961593164       0.23234866270472435       0.18425297969166854       0.26967968798767472     
  0.31642615215749798       0.23173957968268744       0.18178049405715466       0.27005377410265913     
  0.31909203387237145       0.23115269225139579       0.17937236261364686       0.27038291126258512     
  0.32171683500805448       0.23058752457583839       0.17702701888925293       0.27066862152685339     
  0.32430107192734570       0.23004360885355912       0.17474293359268858       0.27091238562640574     
  0.32684525705981765       0.22952048520763976       0.17251861373585517       0.27111564399668653     
  0.32934989885663624       0.22901770158052359       0.17035260177718867       0.27127979778565053     
  0.33181550174860980       0.22853481362869038       0.16824347478528501       0.27140620983741381     
  0.33424256610736003       0.22807138461819237       0.16618984362231884       0.27149620565212773     
  0.33663158820950867       0.22762698532106082       0.16419035214678437       0.27155107432264508     
  0.33898306020377805       0.22720119391259108       0.16224367643509816       0.27157206944853168     
  0.34129747008090494       0.22679359586951453       0.16034852402161481       0.27156041002796466     
  0.34357530164627237       0.22640378386906412       0.15850363315661717       0.27151728132804526     
  0.34581703449516360       0.22603135768894000       0.15670777208185349       0.27144383573404179     
  0.34802314399054834       0.22567592410818127       0.15495973832320362       0.27134119357806558     
  0.35019410124331102       0.22533709680894895       0.15325835800006715       0.27121044394767163     
  0.35233037309483578       0.22501449627922498       0.15160248515107527       0.27105264547486269     
  0.35443242210186365       0.22470774971643129       0.14999100107573840       0.27086882710596533     
  0.35650070652354088       0.22441649093197252       0.14842281369165056       0.27065998885283465     
  0.35853568031057870       0.22414036025670564       0.14689685690688042       0.27042710252583385     
  0.36053779309644785       0.22387900444733883       0.14541209000718835       0.27017111244902353     
  0.36250749019053352       0.22363207659376189       0.14396749705771672       0.26989293615798643     
  0.36444521257317719       0.22339923602730985       0.14256208631880962       0.26959346508070181     
  0.36635139689253615       0.22318014822996082       0.14119488967562646       0.26927356520187495     
  0.36822647546319098       0.22297448474446924       0.13986496208122151       0.26893407771111660     
  0.37007087626643531       0.22278192308543429       0.13857138101276961       0.26857581963535909     
  0.37188502295218323       0.22260214665130426       0.13731324594062580       0.26819958445588499     
  0.37366933484243176       0.22243484463731564       0.13608967780991429       0.26780614271033654     
  0.37542422693621685       0.22227971194936702       0.13489981853434924       0.26739624258006506     
  0.37715010991600517       0.22213644911882602       0.13374283050199670       0.26697061046317022     
  0.37884739015546309       0.22200476221826818       0.13261789609269500       0.26652995153357184     
  0.38051646972854808       0.22188436277814599       0.13152421720685634       0.26607495028644768     
  0.38215774641986827       0.22177496770438609       0.13046101480537961       0.26560627107036411     
  0.38377161373625779       0.22167629919691204       0.12942752846041145       0.26512455860641682     
  0.38535846091951731       0.22158808466909033       0.12842301591669752       0.26463043849469287     
  0.38691867296027033       0.22151005666809664       0.12744675266327352       0.26412451770835754     
  0.38845263061288693       0.22144195279619905       0.12649803151525013       0.26360738507566184     
  0.38996071041143010       0.22138351563295497       0.12557616220545348       0.26307961175015937     
  0.39144328468657780       0.22133449265831814       0.12468047098568669       0.26254175166941529     
  0.39290072158347833       0.22129463617665182       0.12381030023738515       0.26199434200248256     
  0.39433338508049687       0.22126370324164402       0.12296500809144276       0.26143790358641417     
  0.39574163500881138       0.22124145558212066       0.12214396805699172       0.26087294135207406     
  0.39712582707281846       0.22122765952875198       0.12134656865892417       0.26029994473950319     
  0.39848631287131131       0.22122208594164783       0.12057221308394844       0.25971938810309020     
  0.39982343991939140       0.22122451013883665       0.11982031883497796       0.25913173110679177     
  0.40113755167107856       0.22123471182562354       0.11909031739365551       0.25853741910964012     
  0.40242898754258405       0.22125247502482184       0.11838165389082043       0.25793688354177130     
  0.40369808293621301       0.22127758800785335       0.11769378678473062       0.25733054227120061     
  0.40494516926486257       0.22130984322671143       0.11702618754685613       0.25671879996156743     
  0.40617057397708511       0.22134903724678143       0.11637834035506495       0.25610204842106599     
  0.40737462058268487       0.22139497068051298       0.11574974179402651       0.25548066694277310     
  0.40855762867881834       0.22144744812193798       0.11513990056266199       0.25485502263657911     
  0.40971991397656954       0.22150627808202863       0.11454833718847483       0.25422547075292434     
  0.41086178832797271       0.22157127292488923       0.11397458374859905       0.25359235499853638     
  0.41198355975345430       0.22164224880477570       0.11341818359740635       0.25295600784436101     
  0.41308553246966917       0.22171902560393675       0.11287869110051725       0.25231675082587418     
  0.41416800691770528       0.22180142687126991       0.11235567137506476       0.25167489483595740     
  0.41523127979163199       0.22188927976178663       0.11184870003606312       0.25103074041051560     
  0.41627564406736922       0.22198241497687940       0.11135736294873719       0.25038457800701147     
  0.41730138903185360       0.22208066670538459       0.11088125598667206       0.24973668827608697     
  0.41830880031248002       0.22218387256543462       0.11041998479564520       0.24908734232643731     
  0.41929815990679753       0.22229187354709209       0.10997316456300717       0.24843680198310036     
  0.42026974621243773       0.22240451395576008       0.10954041979247986       0.24778532003931947     
  0.42122383405725727       0.22252164135636088       0.10912138408424463       0.24713314050213425     
  0.42216069472967421       0.22264310651827718       0.10871569992019531       0.24648049883185033     
  0.42308059600917935       0.22276876336104812       0.10832301845423442       0.24582762217553508     
  0.42398380219700582       0.22289846890081388       0.10794299930749363       0.24517472959468364     
  0.42487057414693818       0.22303208319750137       0.10757531036836231       0.24452203228719505     
  0.42574116929624556       0.22316946930274451       0.10721962759721099       0.24386973380379581     
  0.42659584169672160       0.22331049320853180       0.10687563483569874       0.24321803025904470     
  0.42743484204581639       0.22345502379657420       0.10654302362055698       0.24256711053704921     
  0.42825841771784523       0.22360293278838650       0.10622149300174369       0.24191715649202136     
  0.42906681279525954       0.22375409469607491       0.10591074936486541       0.24126834314379686     
  0.42986026809996630       0.22390838677382385       0.10561050625776654       0.24062083886843999     
  0.43063902122468234       0.22406568897007509       0.10532048422118753       0.23997480558405168     
  0.43140330656431075       0.22422588388039180       0.10504041062339646       0.23933039893189764     
  0.43215335534732685       0.22438885670100084       0.10477001949870032       0.23868776845296860     
  0.43288939566716200       0.22455449518300594       0.10450905138974470       0.23804705776008392     
  0.43361165251357336       0.22472268958726485       0.10425725319351278       0.23740840470564548     
  0.43432034780398882       0.22489333263992342       0.10401437801093663       0.23677194154514755     
  0.43501570041481624       0.22506631948859948       0.10378018500003566       0.23613779509654503     
  0.43569792621270731       0.22524154765920942       0.10355443923249946       0.23550608689558020     
  0.43636723808576544       0.22541891701343075       0.10333691155363407       0.23487693334716603     
  0.43702384597468896       0.22559832970679339       0.10312737844559232       0.23425044587292160     
  0.43766795690383997       0.22577969014739266       0.10292562189381135       0.23362673105495224     
  0.43829977501223083       0.22596290495521723       0.10273142925658187       0.23300589077596623     
  0.43891950158441950       0.22614788292208501       0.10254459313767535       0.23238802235581626     
  0.43952733508130587       0.22633453497217995       0.10236491126195761       0.23177321868455270     
  0.44012347117082157       0.22652277412318289       0.10219218635391848       0.23116156835207313     
  0.44070810275850608       0.22671251544798984       0.10202622601904904       0.23055315577445104     
  0.44128142001796178       0.22690367603701053       0.10186684262799961       0.22994806131702400     
  0.44184361042118153       0.22709617496104062       0.10171385320345332       0.22934636141432044     
  0.44239485876874240       0.22728993323470079       0.10156707930965123       0.22874812868690145     
  0.44293534721985967       0.22748487378043586       0.10142634694450706       0.22815343205519328     
  0.44346525532229475       0.22768092139306739       0.10129148643425064       0.22756233685038313     
  0.44398476004211196       0.22787800270489303       0.10116233233054069       0.22697490492245012     
  0.44449403579327929       0.22807604615132596       0.10103872330998916       0.22639119474540129     
  0.44499325446710691       0.22827498193706797       0.10092050207604034       0.22581126151978043     
  0.44548258546151970       0.22847474200280943       0.10080751526314985       0.22523515727251661     
  0.44596219571015927       0.22867525999244975       0.10069961334320923       0.22466293095417728     
  0.44643224971131068       0.22887647122083207       0.10059665053416372       0.22409462853368897     
  0.44689290955665018       0.22907831264198525       0.10049848471077177       0.22353029309058814     
  0.44734433495981007       0.22928072281786738       0.10040497731745608       0.22296996490486179     
  0.44778668328475668       0.22948364188760406       0.10031599328319711       0.22241368154443744     
  0.44822010957397895       0.22968701153721532       0.10023140093842131       0.22186147795037969     
  0.44864476657648339       0.22989077496982496       0.10015107193383727       0.22131338651984958     
  0.44906080477559318       0.23009487687634606       0.10007488116117423       0.22076943718688169     
  0.44946837241654791       0.23029926340663642       0.10000270667577832       0.22022965750103243     
  0.44986761553390192       0.23050388214111825        9.9934429621023113E-002  0.21969407270395175     
  0.45025867797871821       0.23070868206285544        9.9869934154492024E-002  0.21916270580392927     
  0.45064170144555621       0.23091361353008291        9.9809107375890993E-002  0.21863557764846483     
  0.45101682549925032       0.23111862824918183        9.9751839256651056E-002  0.21811270699491170     
  0.45138418760147858       0.23132367924809494        9.9698022571181225E-002  0.21759411057924011     
  0.45174392313711836       0.23152872085017609        9.9647552829733019E-002  0.21707980318296741     
  0.45209616544038772       0.23173370864846804        9.9600328212839123E-002  0.21656979769829995     
  0.45244104582077166       0.23193859948040316        9.9556249507289099E-002  0.21606410519153096     
  0.45277869358873057       0.23214335140292075        9.9515220043606370E-002  0.21556273496473713     
  0.45310923608119075       0.23234792366799609        9.9477145634991423E-002  0.21506569461581654     
  0.45343279868681508       0.23255227669857470        9.9441934517696784E-002  0.21457299009690822     
  0.45374950487105292       0.23275637206490729        9.9409497292800436E-002  0.21408462577123408     
  0.45405947620096898       0.23296017246127901        9.9379746869344948E-002  0.21360060446840173     
  0.45436283236984937       0.23316364168312814        9.9352598408810347E-002  0.21312092753820677     
  0.45465969122158473       0.23336674460454862        9.9327969270889716E-002  0.21264559490297155     
  0.45495016877483002       0.23356944715617098        9.9305778960536911E-002  0.21217460510845668     
  0.45523437924693999       0.23377171630341673        9.9285949076256791E-002  0.21170795537338105     
  0.45551243507768013       0.23397352002512059        9.9268403259608937E-002  0.21124564163758486     
  0.45578444695271325       0.23417482729251568        9.9253067145896434E-002  0.21078765860886914     
  0.45605052382686057       0.23437560804857638        9.9239868316012142E-002  0.21033399980854539     
  0.45631077294713834       0.23457583318771391        9.9228736249415403E-002  0.20988465761572681     
  0.45656529987556910       0.23477547453581946        9.9219602278212748E-002  0.20943962331039312     
  0.45681420851176802       0.23497450483065008        9.9212399542316906E-002  0.20899888711525941     
  0.45705760111530441       0.23517289770255229        9.9207062945658911E-002  0.20856243823647874     
  0.45729557832783874       0.23537062765551864        9.9203529113428682E-002  0.20813026490320827     
  0.45752823919503505       0.23556767004857235        9.9201736350320216E-002  0.20770235440606666     
  0.45775568118824989       0.23576400107747519        9.9201624599757787E-002  0.20727869313451133     
  0.45797800022599727       0.23595959775675429        9.9203135404080420E-002  0.20685926661316220     
  0.45819529069519088       0.23615443790204266        9.9206211865662100E-002  0.20644405953709857     
  0.45840764547216356       0.23634850011272915        9.9210798608946146E-002  0.20603305580615530     
  0.45861515594346564       0.23654176375491345        9.9216841743372197E-002  0.20562623855824283     
  0.45881791202644118       0.23673420894466118        9.9224288827175058E-002  0.20522359020171660     
  0.45901600218958449       0.23692581653155520        9.9233088832035202E-002  0.20482509244681901     
  0.45920951347267680       0.23711656808253812        9.9243192108560904E-002  0.20443072633621806     
  0.45939853150670390       0.23730644586604210        9.9254550352582668E-002  0.20404047227466521     
  0.45958314053355614       0.23749543283640165        9.9267116572241118E-002  0.20365431005779491     
  0.45976342342551152       0.23768351261854492        9.9280845055849665E-002  0.20327221890008762     
  0.45993946170450251       0.23787066949295954        9.9295691340514067E-002  0.20289417746201757     
  0.46011133556116784       0.23805688838092862        9.9311612181491163E-002  0.20252016387640595     
  0.46027912387369085       0.23824215483003311        9.9328565522269541E-002  0.20215015577400006     
  0.46044290422642409       0.23842645499991624        9.9346510465355337E-002  0.20178413030829789     
  0.46060275292830311       0.23860977564830615        9.9365407243746762E-002  0.20142206417963751     
  0.46075874503104902       0.23879210411729287        9.9385217193081313E-002  0.20106393365857025     
  0.46091095434716228       0.23897342831985535        9.9405902724439887E-002  0.20070971460853590     
  0.46105945346770771       0.23915373672663523        9.9427427297792637E-002  0.20035938250785787     
  0.46120431377989290       0.23933301835295312        9.9449755396071579E-002  0.20001291247107583     
  0.46134560548444131       0.23951126274606394        9.9472852499855255E-002  0.19967027926963293     
  0.46148339761276064       0.23968845997264723        9.9496685062651344E-002  0.19933145735193417     
  0.46161775804390837       0.23986460060652942        9.9521220486763207E-002  0.19899642086279234     
  0.46174875352135580       0.24003967571663359        9.9546427099726734E-002  0.19866514366227714     
  0.46187644966955199       0.24021367685515380        9.9572274131304317E-002  0.19833759934398315     
  0.46200091101028834       0.24038659604595028        9.9598731691022888E-002  0.19801376125273171     
  0.46212220097886642       0.24055842577316192        9.9625770746243361E-002  0.19769360250172144     
  0.46224038194006961       0.24072915897003269        9.9653363100749154E-002  0.19737709598914160     
  0.46235551520394008       0.24089878900794864        9.9681481373841641E-002  0.19706421441426267     
  0.46246766104136278       0.24106730968568205        9.9710098979930759E-002  0.19675493029301738     
  0.46257687869945824       0.24123471521883938        9.9739190108609252E-002  0.19644921597308607     
  0.46268322641678483       0.24140100022951011        9.9768729705199274E-002  0.19614704364849869     
  0.46278676143835290       0.24156615973611262        9.9798693451760304E-002  0.19584838537376703     
  0.46288754003045168       0.24173018914343464        9.9829057748547737E-002  0.19555321307755869     
  0.46298561749529094       0.24189308423286465        9.9859799695911591E-002  0.19526149857592556     
  0.46308104818545820       0.24205484115281134        9.9890897076625032E-002  0.19497321358509814     
  0.46317388551819433       0.24221545640930792        9.9922328338632821E-002  0.19468832973385758     
  0.46326418198948793       0.24237492685679868        9.9954072578209818E-002  0.19440681857549622     
  0.46335198918799031       0.24253324968910420        9.9986109523520064E-002  0.19412865159937809     
  0.46343735780875317       0.24269042243056288       0.10001841951856696       0.19385380024210963     
  0.46352033766679002       0.24284644292734561       0.10005098350752568       0.19358223589833132     
  0.46360097771046305       0.24300130933894071       0.10008378301944872       0.19331392993114010     
  0.46367932603469741       0.24315502012980642       0.10011680015333588       0.19304885368215285     
  0.46375542989402369       0.24330757406118822       0.10015001756356041       0.19278697848122026     
  0.46382933571545082       0.24345897018309817       0.10018341844564276       0.19252827565580072     
  0.46390108911117151       0.24360920782645354       0.10021698652236395       0.19227271654000341     
  0.46397073489110002       0.24375828659537216       0.10025070603021076       0.19202027248330944     
  0.46403831707524590       0.24390620635962185       0.10028456170614478       0.19177091485897987     
  0.46410387890592392       0.24405296724722139       0.10031853877468795       0.19152461507215915     
  0.46416746285980254       0.24419856963719030       0.10035262293531716       0.19128134456768237     
  0.46422911065979233       0.24434301415244519       0.10038680035016065       0.19104107483759417     
  0.46428886328677527       0.24448630165284010       0.10042105763198936       0.19080377742838756     
  0.46434676099117783       0.24462843322834821       0.10045538183249605       0.19056942394797016     
  0.46440284330438825       0.24476941019238277       0.10048976043085583       0.19033798607236541     
  0.46445714905002000       0.24490923407525494       0.10052418132256125       0.19010943555215601     
  0.46450971635502347       0.24504790661776582       0.10055863280852570       0.18988374421867715     
  0.46456058266064670       0.24518542976493068       0.10059310358444892       0.18966088398996581     
  0.46460978473324710       0.24532180565983314       0.10062758273043823       0.18944082687647362     
  0.46465735867495578       0.24545703663760693       0.10066205970087989       0.18922354498654950     
  0.46470333993419599       0.24559112521954299       0.10069652431455446       0.18900901053169866     
  0.46474776331605722       0.24572407410732000       0.10073096674499063       0.18879719583162424     
  0.46479066299252647       0.24585588617735590       0.10076537751105183       0.18858807331905783     
  0.46483207251257830       0.24598656447527850       0.10079974746775036       0.18838161554438479     
  0.46487202481212531       0.24611611221051291       0.10083406779728356       0.18817779518007011     
  0.46491055222383010       0.24624453275098410       0.10086833000028687       0.18797658502489081     
  0.46494768648678075       0.24637182961793214       0.10090252588729887       0.18777795800798003     
  0.46498345875603164       0.24649800648083847       0.10093664757043305       0.18758188719268853     
  0.46501789961200996       0.24662306715246099       0.10097068745525187       0.18738834578026886     
  0.46505103906979040       0.24674701558397627       0.10100463823283799       0.18719730711338706     
  0.46508290658823925       0.24686985586022697       0.10103849287205831       0.18700874467946715     
  0.46511353107902953       0.24699159219507241       0.10107224461201628       0.18682263211387345     
  0.46514294091552810       0.24711222892684054       0.10110588695468802       0.18663894320293500     
  0.46517116394155689       0.24723177051387968       0.10113941365773793       0.18645765188681712     
  0.46519822748002937       0.24735022153020791       0.10117281872750974       0.18627873226224459     
  0.46522415834146352       0.24746758666125876       0.10120609641218868       0.18610215858508061     
  0.46524898283237331       0.24758387069972101       0.10123924119513096       0.18592790527276629     
  0.46527272676353953       0.24769907854147136       0.10127224778835650       0.18575594690662411     
  0.46529541545816183       0.24781321518159793       0.10130511112620123       0.18558625823403049     
  0.46531707375989306       0.24792628571051320       0.10133782635912507       0.18541881417046022     
  0.46533772604075740       0.24803829531015451       0.10137038884767198       0.18525358980140771     
  0.46535739620895394       0.24814924925027076       0.10140279415657870       0.18509056038418817     
  0.46537610771654681       0.24825915288479378       0.10143503804902838       0.18492970134962261     
  0.46539388356704314       0.24836801164829228       0.10146711648104598       0.18477098830361019     
  0.46541074632286050       0.24847583105250765       0.10149902559603187       0.18461439702859153     
  0.46542671811268499       0.24858261668296963       0.10153076171943072       0.18445990348490612     
  0.46544182063872158       0.24868837419569026       0.10156232135353205       0.18430748381204756     
  0.46545607518383725       0.24879310931393500       0.10159370117239983       0.18415711432981927     
  0.46546950261859960       0.24889682782506958       0.10162489801692771       0.18400877153939441     
  0.46548212340821082       0.24899953557748072       0.10165590889001716       0.18386243212428258     
  0.46549395761933915       0.24910123847756990       0.10168673095187548       0.18371807295120671     
  0.46550502492684909       0.24920194248681846       0.10171736151543107       0.18357567107089257     
  0.46551534462043126       0.24930165361892279       0.10174779804186292       0.18343520371877414     
  0.46552493561113339       0.24940037793699837       0.10177803813624182       0.18329664831561746     
  0.46553381643779379       0.24949812155085119       0.10180807954328075       0.18315998246806531     
  0.46554200527337825       0.24959489061431536       0.10183792014319143       0.18302518396910600     
  0.46554951993122184       0.24969069132265576       0.10186755794764524       0.18289223079846811     
  0.46555637787117710       0.24978552991003430       0.10189699109583532       0.18276110112294419     
  0.46556259620566892       0.24987941264703870       0.10192621785063795       0.18263177329664534     
  0.46556819170565816       0.24997234583827252       0.10195523659487069       0.18250422586118953     
  0.46557318080651505       0.25006433582000537       0.10198404582764500       0.18237843754582547     
  0.46557757961380319       0.25015538895788192       0.10201264416081111       0.18225438726749466     
  0.46558140390897568       0.25024551164468900       0.10204103031549300       0.18213205413083322     
  0.46558466915498425       0.25033471029817894       0.10206920311871127       0.18201141742811641     
  0.46558739050180270       0.25042299135894908       0.10209716150009199       0.18189245663914710     
  0.46558958279186596       0.25051036128837517       0.10212490448865924       0.18177515143109052     
  0.46559126056542521       0.25059682656659871       0.10215243120970965       0.18165948165825727     
  0.46559243806582112       0.25068239369056644       0.10217974088176666       0.18154542736183651     
  0.46559312924467561       0.25076706917212116       0.10220683281361302       0.18143296876958093     
  0.46559334776700312       0.25085085953614294       0.10223370640139923       0.18132208629544533     
  0.46559310701624340       0.25093377131873978       0.10226036112582651       0.18121276053918084     
  0.46559242009921564       0.25101581106548648       0.10228679654940222       0.18110497228588612     
  0.46559129985099584       0.25109698532971103       0.10231301231376622       0.18099870250551731     
  0.46558975883971837       0.25117730067082739       0.10233900813708637       0.18089393235235823     
  0.46558780937130229       0.25125676365271377       0.10236478381152155       0.18079064316445276     
  0.46558546349410374       0.25133538084213569       0.10239033920075062       0.18068881646300025     
  0.46558273300349595       0.25141315880721249       0.10241567423756567       0.18058843395171609     
  0.46557962944637676       0.25149010411592693       0.10244078892152821       0.18048947751615835     
  0.46557616412560515       0.25156622333467643       0.10246568331668642       0.18039192922302225     
  0.46557234810436837       0.25164152302686582       0.10249035754935250       0.18029577131940347     
  0.46556819221047979       0.25171600975154007       0.10251481180593834       0.18020098623203198     
  0.46556370704060829       0.25178969006205643       0.10253904633084809       0.18010755656647731     
  0.46555890296444147       0.25186257050479538       0.10256306142442659       0.18001546510632666     
  0.46555379012878173       0.25193465761790923       0.10258685744096188       0.17992469481233717     
  0.46554837846157782       0.25200595793010805       0.10261043478674091       0.17983522882156316     
  0.46554267767589169       0.25207647795948140       0.10263379391815687       0.17974705044645989     
  0.46553669727380209       0.25214622421235605       0.10265693533986710       0.17966014317396456     
  0.46553044655024539       0.25221520318218821       0.10267985960300015       0.17957449066455602     
  0.46552393459679497       0.25228342134848991       0.10270256730341110       0.17949007675129380     
  0.46551717030537970       0.25235088517578869       0.10272505907998364       0.17940688543883773     
  0.46551016237194276       0.25241760111261985       0.10274733561297805       0.17932490090244910     
  0.46550291930004095       0.25248357559055074       0.10276939762242387       0.17924410748697422     
  0.46549544940438592       0.25254881502323612       0.10279124586655616       0.17916448970581153     
  0.46548776081432830       0.25261332580550444       0.10281288114029430       0.17908603223986269     
  0.46547986147728482       0.25267711431247358       0.10283430427376233       0.17900871993646897     
  0.46547175916210970       0.25274018689869643       0.10285551613084985       0.17893253780833365     
  0.46546346146241152       0.25280254989733458       0.10287651760781238       0.17885747103243113     
  0.46545497579981510       0.25286420961936035       0.10289730963191036       0.17878350494890369     
  0.46544630942717108       0.25292517235278617       0.10291789316008572       0.17871062505994648     
  0.46543746943171155       0.25298544436192077       0.10293826917767525       0.17863881702868176     
  0.46542846273815502       0.25304503188665167       0.10295843869715975       0.17856806667802286     
  0.46541929611175953       0.25310394114175305       0.10297840275694810       0.17849835998952862     
  0.46540997616132546       0.25316217831621912       0.10299816242019549       0.17842968310224913     
  0.46540050934214933       0.25321974957262178       0.10301771877365487       0.17836202231156323     
  0.46539090195892774       0.25327666104649216       0.10303707292656082       0.17829536406800853     
  0.46538116016861381       0.25333291884572584       0.10305622600954517       0.17822969497610444     
  0.46537128998322597       0.25338852905001080       0.10307517917358337       0.17816500179316916     
  0.46536129727260978       0.25344349771027785       0.10309393358897108       0.17810127142813054     
  0.46535118776715412       0.25349783084817301       0.10311249044433002       0.17803849094033208     
  0.46534096706046119       0.25355153445555118       0.10313085094564259       0.17797664753833425     
  0.46533064061197266       0.25360461449399052       0.10314901631531434       0.17791572857871163     
  0.46532021374955107       0.25365707689432787       0.10316698779126374       0.17785572156484641     
  0.46530969167201819       0.25370892755621338       0.10318476662603845       0.17779661414571901     
  0.46529907945165044       0.25376017234768511       0.10320235408595767       0.17773839411469577     
  0.46528838203663220       0.25381081710476239       0.10321975145027953       0.17768104940831478     
  0.46527760425346776       0.25386086763105814       0.10323696001039334       0.17762456810506963     
  0.46526675080935220       0.25391032969740868       0.10325398106903569       0.17756893842419216     
  0.46525582629450235       0.25395920904152208       0.10327081593953011       0.17751414872443419     
  0.46524483518444726       0.25400751136764321       0.10328746594504955       0.17746018750284870     
  0.46523378184228087       0.25405524234623572       0.10330393241790103       0.17740704339357105     
  0.46522267052087518       0.25410240761368091       0.10332021669883218       0.17735470516660035     
  0.46521150536505607       0.25414901277199214       0.10333632013635877       0.17730316172658156     
  0.46520029041374167       0.25419506338854547       0.10335224408611300       0.17725240211158838     
  0.46518902960204384       0.25424056499582509       0.10336798991021186       0.17720241549190771     
  0.46517772676333380       0.25428552309118407       0.10338355897664506       0.17715319116882550     
  0.46516638563127199       0.25432994313661961       0.10339895265868217       0.17710471857341467     
  0.46515500984180264       0.25437383055856222       0.10341417233429831       0.17705698726532523     
  0.46514360293511431       0.25441719074767916       0.10342921938561797       0.17700998693157696     
  0.46513216835756588       0.25446002905869103       0.10344409519837662       0.17696370738535480     
  0.46512070946357942       0.25450235081020178       0.10345880116139948       0.17691813856480754     
  0.46510922951750011       0.25454416128454149       0.10347333866609713       0.17687327053184945     
  0.46509773169542323       0.25458546572762158       0.10348770910597749       0.17682909347096590     
  0.46508621908698983       0.25462626934880206       0.10350191387617370       0.17678559768802254     
  0.46507469469715074       0.25466657732077114       0.10351595437298765       0.17674277360907856     
  0.46506316144789944       0.25470639477943591       0.10352983199344852       0.17670061177920424     
  0.46505162217997453       0.25474572682382446       0.10354354813488621       0.17665910286130301     
  0.46504007965453220       0.25478457851599895       0.10355710419451897       0.17661823763493809     
  0.46502853655478943       0.25482295488097950       0.10357050156905521       0.17657800699516402     
  0.46501699548763775       0.25486086090667825       0.10358374165430881       0.17653840195136328     
  0.46500545898522860       0.25489830154384358       0.10359682584482779       0.17649941362608815     
  0.46499392950653029       0.25493528170601421       0.10360975553353582       0.17646103325390772     
  0.46498240943885777       0.25497180626948290       0.10362253211138643       0.17642325218026089     
  0.46497090109937439       0.25500788007326936       0.10363515696702941       0.17638606186031472     
  0.46495940673656755       0.25504350791910241       0.10364763148648917       0.17634945385782874     
  0.46494792853169725       0.25507869457141058       0.10365995705285473       0.17631341984402527     
  0.46493646860021920       0.25511344475732167       0.10367213504598105       0.17627795159646592     
  0.46492502899318194       0.25514776316667021       0.10368416684220130       0.17624304099793428     
  0.46491361169859929       0.25518165445201352       0.10369605381404996       0.17620868003532497     
  0.46490221864279718       0.25521512322865503       0.10370779732999627       0.17617486079853922     
  0.46489085169173722       0.25524817407467554       0.10371939875418790       0.17614157547938711     
  0.46487951265231509       0.25528081153097187       0.10373085944620447       0.17610881637049636     
  0.46486820327363620       0.25531304010130268       0.10374218076082072       0.17607657586422815     
  0.46485692524826799       0.25534486425234110       0.10375336404777905       0.17604484645159954     
  0.46484568021346911       0.25537628841373428       0.10376441065157108       0.17601362072121318     
  0.46483446975239612       0.25540731697816937       0.10377532191122822       0.17598289135819389     
  0.46482329539528833       0.25543795430144606       0.10378609916012076       0.17595265114313241     
  0.46481215862063086       0.25546820470255482       0.10379674372576532       0.17592289295103644     
  0.46480106085629619       0.25549807246376183       0.10380725692964056       0.17589360975028884     
  0.46479000348066446       0.25552756183069891       0.10381764008701076       0.17586479460161331     
  0.46477898782372357       0.25555667701245943       0.10382789450675708       0.17583644065704734     
  0.46476801516814842       0.25558542218169972       0.10383802149121642       0.17580854115892280     
  0.46475708675036048       0.25561380147474555       0.10384802233602743       0.17578108943885384     
  0.46474620376156739       0.25564181899170368       0.10385789832998375       0.17575407891673242     
  0.46473536734878335       0.25566947879657831       0.10386765075489404       0.17572750309973151     
  0.46472457861583033       0.25569678491739228       0.10387728088544879       0.17570135558131575     
  0.46471383862432064       0.25572374134631298       0.10388678998909349       0.17567563004026007     
  0.46470314839462085       0.25575035203978230       0.10389617932590836       0.17565032023967569     
  0.46469250890679775       0.25577662091865133       0.10390545014849395       0.17562542002604409     
  0.46468192110154688       0.25580255186831879       0.10391460370186292       0.17560092332825855     
  0.46467138588110241       0.25582814873887355       0.10392364122333753       0.17557682415667367     
  0.46466090411013100       0.25585341534524092       0.10393256394245272       0.17555311660216255     
  0.46465047661660780       0.25587835546733273       0.10394137308086478       0.17552979483518180     
  0.46464010419267660       0.25590297285020092       0.10395006985226521       0.17550685310484437     
  0.46462978759549250       0.25592727120419440       0.10395865546229978       0.17548428573800035     
  0.46461952754804975       0.25595125420511933       0.10396713110849258       0.17546208713832534     
  0.46460932473999261       0.25597492549440243       0.10397549798017497       0.17544025178541697     
  0.46459917982841131       0.25599828867925750       0.10398375725841916       0.17541877423389907     
  0.46458909343862226       0.25602134733285459       0.10399191011597643       0.17539764911253372     
  0.46457906616493383       0.25604410499449204       0.10399995771721976       0.17537687112334133     
  0.46456909857139650       0.25606656516977139       0.10400790121809075       0.17535643504072823     
  0.46455919119253919       0.25608873133077442       0.10401574176605077       0.17533633571062246     
  0.46454934453409069       0.25611060691624299       0.10402348050003604       0.17531656804961709     
  0.46453955907368755       0.25613219533176101       0.10403111855041672       0.17529712704412154     
  0.46452983526156771       0.25615349994993869       0.10403865703895981       0.17527800774952060     
  0.46452017352125063       0.25617452411059893       0.10404609707879570       0.17525920528934139     
  0.46451057425020470       0.25619527112096580       0.10405343977438823       0.17524071485442791     
  0.46450103782050034       0.25621574425585453       0.10406068622150831       0.17522253170212343     
  0.46449156457945118       0.25623594675786382       0.10406783750721087       0.17520465115546066     
