0.25375682829306845	0.24946357665801633	0.2450554237773468	0.2517241712715684
0.25674895636867073	0.248974272851299	0.24116352725066592	0.2531132435293644
0.2603320811380114	0.24816236940514255	0.2375559270003469	0.25394962245649916
0.26332025246791707	0.24715427595518694	0.23400949428954418	0.2555159772873519
0.2667649953578807	0.2464777150332737	0.22997457978969796	0.2567827098191476
0.26987079284561843	0.24597113721427227	0.22651660599241297	0.25764146394769627
0.27339712679423417	0.24516345023020789	0.22282640528824788	0.25861301768730993
0.2769729477781324	0.2443183777095236	0.21915023982404477	0.25955843468829914
0.2803235935327146	0.24347294004892758	0.21615097964315552	0.26005248677520243
0.28412832809487487	0.2428158914675066	0.21187703102451977	0.2611787494130988
0.2866228844850318	0.24185407380881985	0.20917831552777075	0.26234472617837773
0.28933427018130314	0.24157681206072457	0.2062724648242898	0.26281645293368255
0.2930722001462318	0.2404148897264259	0.20277904377972467	0.26373386634761764
0.296365265839811	0.23866681740512882	0.2003559542832459	0.2646119624718143
0.2989767862524763	0.23772154972296972	0.19824301366047195	0.265058650364082
0.3018579405753765	0.23655260493664662	0.19602612202163455	0.26556333246634245
0.3045041888564223	0.23583113874094727	0.19289616380267524	0.2667685085999552
0.3068227546109551	0.23526513104843652	0.19101169371812995	0.2669004206224785
0.3101698365011162	0.23480534898792008	0.1880553479986754	0.2669694665122884
0.3122672451762677	0.23493601342620415	0.1857552679317791	0.2670414734657491
0.3144723722913562	0.23496284825811606	0.18321182541495706	0.2673529540355706
0.31615023588159125	0.23418171832567958	0.1810723237105229	0.2685957220822063
0.3190123023390531	0.23411969863637763	0.17825590834707072	0.2686120906774985
0.3219771534120223	0.23322768979873781	0.17574102022323249	0.26905413656600735
0.32456206556769684	0.23198234482633479	0.1740723074309369	0.26938328217503144
0.3269244907271741	0.2315580850492144	0.17196849890328064	0.2695489253203308
0.3292576028774792	0.23101851812936716	0.1707889602662922	0.26893491872686154
0.3313767517052331	0.23051189993537213	0.16924644093923566	0.268864907420159
0.33353463688467144	0.23035102703846558	0.16707566425551854	0.2690386718213444
0.3356063318548435	0.2305953059343834	0.16532901437672695	0.2684693478340462
0.3389205414832311	0.23046496282038242	0.16288313953821293	0.2677313561581735
0.3413447846333276	0.22938973742553212	0.1616478948758529	0.26761758306528743
0.3439476392436845	0.22905003085151734	0.15900428563453542	0.2679980442702628
0.34650221566101863	0.22950270297384523	0.1563309352872752	0.2676641460778609
0.3495566823819828	0.2284286583976046	0.1545960629947154	0.26741859622569725
0.3518980306644348	0.2280362513837767	0.15266744827403905	0.2673982696777493
0.35346714336787827	0.22688628937079297	0.15143913486233118	0.26820743239899764
0.3549101161456657	0.22743431750149973	0.1495858295067744	0.26806973684606017
0.3568514106773481	0.22693698393274717	0.14827961408632995	0.2679319913035747
0.3587022686999524	0.2264122192731719	0.14678526627841684	0.2681002457484588
0.3603475394753441	0.22696033415216885	0.14507881827434518	0.2676133080981419
0.3620195914133678	0.2267970690978208	0.14370772839631968	0.26747561109249174
0.36374651655658674	0.2259845784156153	0.14280540149717336	0.26746350353062465
0.3654135411091071	0.22551706902528257	0.1414788450509683	0.26759054481464206
0.3671893709576828	0.2261481621945807	0.13960342769123976	0.2670590391564968
0.3694229329284576	0.22590037972545216	0.1384969026624486	0.2661797846836417
0.3713234948587577	0.22500048423327468	0.1377182321810024	0.2659577887269652
0.3723226665184183	0.224995621410858	0.13626936713624335	0.2664123449344804
0.374197062016994	0.22456314213818265	0.13499448093984195	0.26624531490498143
0.3764096862448624	0.2245489970014749	0.133537850527243	0.2655034662264197
0.37892736790596976	0.22406264092267114	0.13208431482098834	0.2649256763503709
0.38075921057472994	0.2237981166983297	0.13091372633405687	0.26452894639288344
0.38316419029263976	0.22361921585383085	0.12864120210973348	0.26457539174379596
0.3842547347791456	0.22368282339565024	0.1281860430016119	0.26387639882359215
0.3855010393039006	0.2237185312984021	0.1274939073408259	0.2632865220568713
0.38721952953429367	0.22340948176316816	0.12633382417822872	0.2630371645243095
0.38844415124520015	0.22287315463374283	0.12541347113957477	0.2632692229814822
0.39053671503710263	0.222571318221685	0.12447727360135218	0.2624146931398601
0.39244345192080526	0.22279589438384165	0.12386548271286665	0.26089517098248655
0.39500258206096167	0.22212256963968435	0.12273389456825223	0.26014095373110174
0.39640469010686913	0.22173330743051947	0.12191037433807303	0.25995162812453826
0.3967718434118606	0.22217080921830773	0.12132864747395412	0.2597286998958775
0.39801236569395276	0.22144571888828712	0.12089428921243932	0.2596476262053209
0.39916427703894974	0.22190385843767985	0.12038567500382513	0.25854618951954517
0.4014855280552867	0.22130204853902408	0.12030823329621934	0.25690419010946985
0.4029299377234686	0.22047217494238075	0.11955874235491788	0.2570391449792328
0.40375132629703864	0.22063710999088323	0.11890222614555555	0.2567093375665227
0.4046188001460173	0.22118768641025555	0.11900270532038121	0.255190808123346
0.4066073159074036	0.22167315930207618	0.11739482721522079	0.25432469757529935
0.4077102530367488	0.221187680877626	0.11693902214420457	0.2541630439414207
0.4087538940735167	0.22081840044556425	0.11649220457230416	0.25393550090861483
0.40951797712787485	0.22121851948009522	0.11534638112385552	0.25391712226817437
0.41067099270735424	0.22180523396775753	0.11356742490974758	0.2539563484151407
0.41118743686471854	0.22275965425003866	0.11282576697872825	0.2532271419065146
0.4124019768645944	0.22255258315730372	0.1123840307440924	0.2526614092340095
0.41275791578148885	0.2228688245941763	0.11191532210280317	0.2524579375215317
0.41301604551289994	0.22336219852424374	0.1112093999121863	0.25241235605067003
0.4142358120554974	0.2232487410246215	0.11092110626286168	0.25159434065701936
0.4151049729983855	0.22398288304725536	0.1096902272602294	0.25122191669412985
0.4163051902506923	0.22377984686598548	0.1101338941942099	0.24978106868911246
0.41659997789072195	0.22475689939643922	0.11034200319761357	0.2483011195152253
0.4185637963911581	0.223793460556844	0.10986112154379668	0.24778162150820138
0.41966766663163135	0.22311691888804097	0.1096304813909066	0.24758493308942106
0.42043106912955436	0.22353266783401363	0.1096441179660824	0.24639214507034968
0.4207472995188616	0.2238687994155803	0.10921163467251456	0.24617226639304354
0.4219754714629305	0.22413461293261547	0.1091096879921069	0.24478022761234708
0.42323615453609337	0.22364138323925553	0.10885056685471514	0.244271895369936
0.4241671565525946	0.22301479590635545	0.10895348127100588	0.2438645662700441
0.42484050680380975	0.22333984546326816	0.10865867296331382	0.24316097476960818
0.42544362239131017	0.22412293874473274	0.10850260804482038	0.2419308308191367
0.4265873716865337	0.22404659128606833	0.1088734514997058	0.2404925855276921
0.42744168564481705	0.22422108751324665	0.10867744346093614	0.2396597833810002
0.428822563916257	0.223849502516961	0.10769181725736814	0.23963611630941375
0.42965478294065096	0.2243982162588688	0.10710683081038787	0.23884016999009236
0.4309791818099703	0.2242792346603395	0.10660979383178494	0.23813178969790533
0.4311141537832254	0.22414500187717715	0.10686937158245086	0.23787147275714673
0.4316506260856288	0.22481435918797002	0.10613873245528659	0.2373962822711144
0.43146912697964535	0.2251568395989604	0.10593025990251152	0.23744377351888266
0.43217403250359565	0.22482520782140525	0.10642807892183896	0.2365726807531602
0.43322679029671196	0.22459052107496125	0.1055067864115624	0.2366759022167645
0.4336393698976262	0.22463514307995064	0.10576483929380079	0.23596064772862246
0.43447273536125053	0.22488318114398162	0.10498674031823692	0.23565734317653106
0.4358136668073843	0.22528145527193955	0.10407422992582598	0.23483064799485018
0.4359009133053555	0.2259777731012996	0.1043413293745181	0.23377998421882681
0.43636735726721426	0.22614956325194527	0.10413514297579587	0.23334793650504448
0.4374754690861651	0.2264863714776347	0.1030602639542582	0.23297789548194198
0.43899076362302575	0.22658373357990932	0.10240783546310797	0.23201766733395693
0.4397472085966614	0.2271319219708261	0.10207864987305708	0.23104221955945528
0.43990330965850905	0.22736302073646683	0.1022164917833833	0.23051717782164075
0.44049338333604293	0.22744689000019172	0.10199713555672826	0.2300625911070372
0.4402776083038978	0.22692759207456384	0.10245622852677885	0.23033857109475953
0.44097541509692717	0.22702145350481132	0.10216451255945455	0.229838618838807
0.44091367395962233	0.22718299486314422	0.10198299310839928	0.22992033806883402
0.4415795536637658	0.22674062889053032	0.10227619442546301	0.22940362302024087
0.4427484191698496	0.22632161161068207	0.10227239954127292	0.2286575696781954
0.4430893150744531	0.22635411676449987	0.102713758728889	0.22784280943215798
0.4438425901356983	0.2270802448878225	0.10259957200943678	0.22647759296704245
0.44528544786352975	0.227273801335118	0.10191256493331896	0.2255281858680334
0.4454746541306099	0.22693172691250318	0.10273869487456956	0.22485492408231741
0.4468178970128449	0.22717999120892612	0.10240060558856456	0.22360150618966432
0.44744357511410376	0.2268197656675366	0.10271829436555618	0.2230183648528034
0.4474069176635627	0.22721599198973325	0.10281366252390879	0.2225634278227953
0.44772212570196523	0.22747074433211426	0.10311534722597586	0.22169178273994464
0.4498862887574896	0.22724768430599096	0.10184799098939436	0.22101803594712505
0.4502664729269399	0.22783197314887307	0.10225283550849742	0.21964871841568953
0.4503663900833038	0.2281161946240527	0.10225875288891796	0.21925866240372568
0.4509746778826883	0.2281498631042612	0.10175473367234256	0.21912072534070784
0.45202510360433695	0.22750778674892613	0.10201498823139697	0.21845212141534
0.45266386396226	0.22782192437004145	0.10173342836796916	0.21778078329972947
0.4529748211896571	0.22807968365539383	0.10172802158629936	0.21721747356864968
0.4526325287008507	0.2285657483281088	0.10180816976754054	0.21699355320349994
0.45252228294071045	0.22931809805575099	0.10142890486037859	0.21673071414316006
0.4528435780840729	0.22993182321514477	0.10134436594601917	0.21588023275476326
0.4534473098851292	0.22951351532160794	0.10148585213775886	0.21555332265550387
0.45351649798228094	0.2294633940682693	0.1011498887891431	0.21587021916030671
0.45385839249484516	0.2299454672071136	0.10073430048798948	0.2154618398100518
0.4540106512785669	0.2298913254462677	0.10124509738853443	0.21485292588663107
0.45507061890838935	0.2298116770773847	0.10094834849261408	0.2141693555216119
0.45556207732858645	0.2299546514188141	0.10050657921408408	0.2139766920385153
0.4553081275736755	0.23109884359712043	0.10016390076078965	0.2134291280684143
0.4559053665355641	0.23172865171539192	0.09940385554457488	0.21296212620446905
0.4566223883860531	0.23190592199221616	0.09920177859182498	0.21226991102990572
0.4578432551000196	0.23173706684533388	0.0987220182250542	0.21169765982959232
0.4580298147754068	0.23242730994285116	0.09849720917684104	0.211045666104901
0.45939214842556847	0.23310004186671898	0.09791729152681475	0.2095905181808979
0.459731235719151	0.23323936646903276	0.09829562071072052	0.20873377710109575
0.46069192565275263	0.23285051973989396	0.09824669625562803	0.20821085835172534
0.4613028002380484	0.23257621752840962	0.09849723708644122	0.2076237451471007
0.46048301379882817	0.23326674195265346	0.09908498956264322	0.20716525468587504
0.4608430264375379	0.2337533522531553	0.09888107734900344	0.20652254396030348
0.46205623145713454	0.23452590074841492	0.09843726193528246	0.20498060585916805
0.46098346125904394	0.23492017829862447	0.1000662639734169	0.20403009646891473
0.46060162020558976	0.23568855700812186	0.10001036867265775	0.20369945411363075
0.4608529625065795	0.23498230439968434	0.0995790643528787	0.20458566874085754
0.4618621185467209	0.23480866772543452	0.09882087682676906	0.20450833690107545
0.4616365658547632	0.23497107062685968	0.09908733576846297	0.2043050277499142
0.46225735695852627	0.23459903783090003	0.09936590013379307	0.20377770507678059
0.4622385511201505	0.2356012669500419	0.09945144341132574	0.20270873851848173
0.46315111099342154	0.23448553286700297	0.09960911968216499	0.20275423645741045
0.4638029620599452	0.23469062943616298	0.09984513148416081	0.20166127701973108
0.46362644674526726	0.23524753450109315	0.09945342030135346	0.20167259845228616
0.4636288249607869	0.23494412921618485	0.09978152320262158	0.2016455226204068
0.46429909031168226	0.2345763264842295	0.09987826574051514	0.20124631746357308
0.4644401037988459	0.23512151208003826	0.09914419047252843	0.2012941936485874
0.4642497152096315	0.23620860400184407	0.09885564187296729	0.20068603891555725
0.4637409438293045	0.23647421336641922	0.0988087605710842	0.20097608223319202
0.46367597501777685	0.23651424005670285	0.09858905489665122	0.20122073002886903
0.4647876091989526	0.23716939171828558	0.0981109731511795	0.19993202593158227
0.46531053242569864	0.23746432530393935	0.0982938976205234	0.1989312446498385
0.4652737597203991	0.23775081943867601	0.09819969747157724	0.19877572336934757
0.46515391501284575	0.23866116180259164	0.09744317769855353	0.198741745486009
0.4657734206926215	0.2390736589869105	0.09720069529728918	0.19795222502317877
0.4664004473561981	0.23901982973820562	0.09662937105444341	0.19795035185115295
0.4662986910532199	0.23918856639252245	0.0966882600179494	0.19782448253630813
0.4662402927664213	0.23875606074399072	0.09722373782779714	0.19777990866179088
0.46725473727050126	0.23887062603043488	0.0968350109868516	0.19703962571221223
0.4672916925276577	0.2393528708342326	0.09642835223687736	0.19692708440123222
0.46709015207025806	0.23920253833897348	0.09789792567675629	0.1958093839140121
0.46788180153953396	0.2391605336574539	0.0974151258660855	0.19554253893692664
0.4683730936918287	0.2391812980537781	0.0977936200214071	0.19465198823298618
0.4677671329228763	0.2392058257040529	0.09785230335720833	0.19517473801586246
0.4675087914007914	0.23926757034880558	0.09849829328655256	0.19472534496385047
0.46663552854808454	0.2395086635911227	0.09841170829544402	0.1954440995653488
0.4673519280885406	0.23986792424831055	0.0971384515786682	0.19564169608448068
0.46748497112112336	0.2397486859757345	0.09708782097551467	0.1956785219276275
0.46875483499982956	0.23942307057811377	0.09628304233324239	0.19553905208881417
0.46884681412381835	0.23887609751411137	0.09695696415172021	0.19532012421034992
0.46926516955712066	0.23951826010045418	0.09709039228778396	0.19412617805464127
0.4685571027841524	0.24019936708172063	0.09780199526693563	0.19344153486719143
0.4690176326442723	0.24021206153896316	0.09806954804001243	0.1927007577767521
0.46883768606831017	0.2402221557027619	0.09791237202949439	0.19302778619943356
0.46927755297517615	0.2406051153423025	0.09773946108536052	0.19237787059716088
0.4696469528771569	0.24139953952505472	0.09671822925249605	0.19223527834529236
0.46985654656203946	0.24183531065002462	0.09678892855912886	0.19151921422880702
0.4689504704501685	0.24237905990389383	0.0974977452995559	0.1911727243463817
0.4690554213062935	0.24206833192609573	0.09767173946224526	0.19120450730536548
0.469390802284194	0.2415930722506409	0.09805133365547371	0.1909647918096914
0.46884586301488684	0.24188396092185274	0.09844405253811658	0.19082612352514386
0.4685622194719165	0.2427333419016561	0.09804166868202271	0.19066276994440476
0.4687856666513483	0.24250593175433569	0.09812685394800494	0.19058154764631094
0.4679635727054579	0.24314155574676066	0.09859129876298048	0.19030357278480103
0.4680089851611403	0.2430637512122987	0.09806847627263868	0.19085878735392228
0.4684139001187964	0.24251768948595528	0.09910426094751834	0.18996414944773005
0.4678116861248811	0.24239821262289807	0.0996520784356317	0.19013802281658918
0.46759590055468686	0.24221396836622142	0.09984591976725345	0.19034421131183824
0.46725140024010187	0.2425806243928771	0.09985762483884088	0.19031035052818016
0.46785661103042164	0.2429537195137441	0.09948191998654715	0.1897077494692872
0.4672221685202796	0.24348400712671342	0.10034997629797504	0.18894384805503206
0.46751652799650173	0.24417960735157643	0.10025985466373681	0.1880440099881849
0.4672917036647643	0.2437670351400025	0.10034264562848783	0.1885986155667454
0.4676395260221732	0.24403490402062822	0.10007260709285405	0.18825296286434465
0.46785070919097504	0.24386993778031424	0.10073256627526546	0.1875467867534453
0.467924757940233	0.24374927569114946	0.1010632199230925	0.187262746445525
0.46858570639796404	0.2435721172853035	0.10109158422663977	0.18675059209009262
0.468002698335519	0.24467763329401004	0.10079688742254217	0.1865227809479287
0.4680360741493848	0.24541698987783986	0.09994929187146769	0.1865976441013077
0.4682226990525819	0.24587600439598306	0.099698772884819	0.1862025236666161
0.46823764102309173	0.2463272052417018	0.09955026629519365	0.18588488744001283
0.4693756523419142	0.24638249566911474	0.09828477337253141	0.18595707861643956
0.4689372449030242	0.24638248197870474	0.09901717569880686	0.18566309741946424
0.46931189665452416	0.24680261021495695	0.09903610359084083	0.18484938953967797
0.46946491107383914	0.2481284035909631	0.09805010678531212	0.18435657854988566
0.46876849917023433	0.24785167581712816	0.09920922493993262	0.18417060007270503
0.4694551396819952	0.24805266953010943	0.09815117299944058	0.18434101778845494
0.46932058667687937	0.24826488083749834	0.09846706726517175	0.18394746522045047
0.4688560195967999	0.24814497965102003	0.09983166587420886	0.18316733487797132
0.4696363635668218	0.2477639381036868	0.09993256599449908	0.18266713233499232
0.46979664667961546	0.2480862932542132	0.09964678909023414	0.18247027097593715
0.468787531231281	0.2488478693606881	0.09998406638585769	0.18238053302217325
0.467765154128356	0.2487907298663114	0.10086268254774684	0.18258143345758582
0.4679391006685527	0.24931150470652721	0.10079536651281638	0.18195402811210362
0.46900618134116173	0.24941974141800627	0.09999093964194986	0.18158313759888206
0.46974958248501003	0.24903109397077616	0.09977673543677242	0.1814425881074413
0.4697571688895661	0.24909802465040612	0.100212120434841	0.18093268602518672
0.47032550279918106	0.24904329247041276	0.10012058140555084	0.18051062332485535
0.4703110124114353	0.24850914891499118	0.10031599926247045	0.1808638394111031
0.47052121884440445	0.24912504500712052	0.0999041168748379	0.18044961927363712
0.46957836864244235	0.2504072995119794	0.10036515472275409	0.1796491771228242
0.46996750579404284	0.25023898201008266	0.1003434669150403	0.17945004528083416
0.4702275232938343	0.2500932783422434	0.10032780112873978	0.17935139723518248
0.47061650010743256	0.2500894659037228	0.10027644013306511	0.1790175938557795
0.4704540608806568	0.25025762262613055	0.10038059212569363	0.17890772436751903
0.4701200360922466	0.25067407993295393	0.09976212272683004	0.17944376124796943
0.4700839200414325	0.24984707026024638	0.10059842922165772	0.1794705804766634
0.46890108705705275	0.24966513625396716	0.10125379200365826	0.18017998468532181
0.46888316167488236	0.24941175268581134	0.10040312401598686	0.18130196162331944
0.4690687497764209	0.2487335317569313	0.10070763940213882	0.18149007906450898
0.4694701766241088	0.24882248510802554	0.10063728946824047	0.18107004879962527
0.46985040451504767	0.2491091845169428	0.10047701894441968	0.18056339202358976
0.46996453174038716	0.24920030920951722	0.10094416149812956	0.17989099755196605
0.4703911689138039	0.2500773955632028	0.10032925623641728	0.17920217928657617
0.4700772907809674	0.25010529586575914	0.10055335575194199	0.1792640576013314
0.46926370146916896	0.25031004613248437	0.10035543583556109	0.1800708165627856
0.4704657799606743	0.2500338531358105	0.09951985045725331	0.17998051644626178
0.47072126993808766	0.250238812113534	0.09966328339680117	0.1793766345515772
0.4704697466190939	0.2501843284354546	0.10048521568297776	0.1788607092624737
0.47065786010785304	0.24957928014536226	0.10045945144318372	0.17930340830360103
0.4698333106578416	0.2495308559618649	0.10109184992427811	0.1795439834560154
0.4694012688565958	0.248953422572581	0.10214326555107157	0.17950204301975162
0.4686324595678887	0.2496333207658799	0.10228898925065405	0.17944523041557747
0.467829750326448	0.24996170384551947	0.10157250801920359	0.18063603780882884
0.4684220945732012	0.25031357429063306	0.10064416914174384	0.1806201619944219
0.4686805658760566	0.24919845218881723	0.10111364465299659	0.18100733728212962
0.4687564616957677	0.24983750171240907	0.10070016300005546	0.18070587359176787
0.46887727464520434	0.2498244810647731	0.1006741873624014	0.18062405692762123
0.46795891930912037	0.24989831611332874	0.10084612263458564	0.18129664194296538
0.4682272850941095	0.24989313756776346	0.10117232059297487	0.1807072567451521
0.46848573616618544	0.2504746336257564	0.09981816132244938	0.18122146888560872
0.46790648627905584	0.25041257849254617	0.10039791309310526	0.18128302213529265
0.4673445451113713	0.25026980604333016	0.10113668462998156	0.18124896421531708
0.46766005124598437	0.2510345232338604	0.10016499644715733	0.18114042907299785
0.4670091524421102	0.25114242222197913	0.10077023650825676	0.1810781888276539
0.4660972944345248	0.25153813473498554	0.10117187346943447	0.1811926973610551
0.46596028018953833	0.251822355962672	0.10142454332102595	0.18079282052676376
0.4660116317959079	0.2522807737389144	0.10069177379794747	0.18101582066723018
0.4666432958671338	0.25173001005778434	0.10075512721645587	0.1808715668586261
0.46512806463418643	0.2523152294526338	0.10084431675480904	0.1817123891583706
0.4650846432668943	0.2527765871470502	0.10053614092751725	0.18160262865853827
0.46557533056370026	0.2531241057006907	0.10096413216950978	0.18033643156609927
0.4656457573655778	0.2528146097561811	0.10090841457643994	0.18063121830180132
0.46565964018552114	0.2533331278266119	0.10126591953912012	0.17974131244874675
0.46465196018223665	0.2542529125918228	0.10199724270758515	0.17909788451835534
0.46430823810316085	0.25451569020110676	0.10231740074453356	0.1788586709511989
0.4640830394286911	0.25473408422531957	0.10227096800805321	0.17891190833793613
0.464213683374197	0.2552582272176206	0.1016576238140814	0.17887046559410094
0.46521965042151414	0.25564526481862343	0.10093334202015328	0.17820174273970915
0.46590147588934056	0.2554352414904974	0.10051861622938803	0.17814466639077411
0.46574017063020134	0.25508101927996696	0.1004367190283136	0.17874209106151823
0.46615374477079824	0.254820120295805	0.10014731379136675	0.17887882114203
0.46598070388246676	0.2545236419099771	0.10049184009575818	0.17900381411179797
0.46586414901467027	0.2546480790987894	0.10031943448028868	0.17916833740625154
0.4652820348608298	0.25526774553325915	0.10034823182435983	0.1791019877815513
0.46595751374785793	0.25599131930116137	0.09986780217506405	0.1781833647759166
0.46565207259625957	0.2563878242603479	0.09939999621296416	0.17856010693042848
0.46532719909511894	0.2562806636165262	0.0997896509603423	0.17860248632801265
0.4650453525787675	0.2566941715650832	0.09985816386519765	0.17840231199095175
0.46507269423987896	0.2561174639288238	0.09997928622916905	0.17883055560212816
0.4656267473853974	0.2561194296629831	0.0996105407889614	0.17864328216265807
0.46704392177644083	0.2566825762350893	0.0986513575250517	0.17762214446341812
0.4675480062127855	0.25618009748400644	0.09894652269851072	0.17732537360469736
0.4680848597786533	0.2561437109139517	0.09801926871335981	0.17775216059403517
0.46818093742380995	0.2563200905052526	0.09814626880018087	0.1773527032707565
0.4681574227579406	0.25742982947596854	0.09728756734317896	0.17712518042291184
0.4687013081958886	0.2573807105223467	0.09782420940154093	0.17609377188022374
0.46833137841259354	0.2569980396724837	0.09826943728771471	0.17640114462720807
0.46883545514850095	0.2576512119223004	0.09721899796627427	0.1762943349629243
0.46793136845890076	0.2576925678986529	0.09750011492506132	0.17687594871738505
0.46743304984560197	0.25689549389109806	0.09799955127995903	0.1776719049833409
0.46654239434782513	0.2572199554407732	0.09839252245338376	0.17784512775801797
0.4668368275952347	0.2565142571227108	0.09926118072865041	0.177387734553404
0.4661738743328314	0.2565954880362224	0.09935761725986503	0.17787302037108127
0.4671439359694459	0.25701142485532463	0.09846372787660293	0.17738091129862651
0.4680000053961352	0.2568828782475472	0.09802642638671352	0.17709068996960406
0.4671856111538991	0.2568720442627755	0.09901330817141216	0.17692903641191332
0.4674699939317043	0.25616059973589056	0.09946171595596817	0.17690769037643697
0.4673271027907114	0.25658153650476645	0.09956024295171591	0.17653111775280617
0.4677128333946517	0.25573153247831315	0.09957994738805652	0.17697568673897876
0.46734847958326414	0.2553232336109128	0.10015724608999253	0.17717104071583056
0.46783641192437114	0.2556195518386429	0.10009050287620005	0.17645353336078592
0.4685989314797467	0.25460506058976035	0.10041995063299057	0.17637605729750233
0.46895640393022187	0.25422880325279557	0.10027319255383513	0.17654160026314736
0.46895926360160417	0.25441734709144664	0.10102252206681829	0.175600867240131
0.46859453024925773	0.25453605494758524	0.10146199721766404	0.17540741758549303
0.46876780284577074	0.25519370088993504	0.10157697601410823	0.17446152025018594
0.4677812122925038	0.25560318532514664	0.10189698966587386	0.1747186127164758
0.4673439749743545	0.25582877125840553	0.10056584378393783	0.1762614099833022
0.46745000142954046	0.256726793706155	0.09992976020516062	0.17589344465914394
0.46708360904248436	0.256190500755028	0.10066436059736598	0.17606152960512175
0.46749394385092613	0.25576007691233843	0.10055594708867568	0.17619003214805976
0.46850394115343114	0.25551802941344937	0.10036340394299943	0.17561462549011997
0.46804091222420097	0.2561142661082344	0.10036882734901943	0.17547599431854502
0.4680693779805666	0.2563690457301975	0.10024762156951246	0.17531395471972358
0.46944619555233147	0.2557014678893588	0.10068985816891947	0.17416247838939022
0.46953208759785287	0.2571323991997054	0.09982539075873587	0.1735101224437059
0.4695132866305451	0.2576210433327538	0.09954303369030405	0.17332263634639705
0.46893271076084975	0.2576905723158118	0.09959604837258615	0.17378066855075233
0.46788095411612607	0.2588082575976557	0.09898911614409912	0.17432167214211902
0.4675350979827885	0.2583147604949557	0.09961617664031454	0.1745339648819413
0.46837217163647565	0.25809812173936986	0.09934300834301593	0.17418669828113864
0.46765570234751014	0.2582819877565554	0.0994105484139674	0.17465176148196693
0.4673697794098186	0.25820778802098493	0.0996825035992023	0.17473992896999413
0.46624567373493625	0.25875508703088923	0.10005006356654204	0.17494917566763257
0.46597871604657526	0.2593420257584362	0.10026192071299905	0.1744173374819895
0.4654927194359807	0.2592123327468322	0.1000864703043366	0.1752084775128505
0.4643422732297082	0.2602685964427236	0.10060481912774562	0.17478431119982255
0.46409078290961864	0.26014119820820625	0.10155605891446351	0.17421195996771163
0.46475306261873317	0.2593157190481905	0.10177366737932587	0.17415755095375046
0.4647353261007192	0.2594107465383209	0.10173321885051931	0.17412070851044062
0.4642429148896035	0.2592087878347142	0.10319226893160102	0.1733560283440812
0.46465417268359877	0.25988825411161176	0.10297523185698373	0.17248234134780582
0.4641368742936376	0.2596278142586973	0.10430771023615011	0.17192760121151504
0.46274560766653466	0.2604260748927168	0.10393271905878709	0.17289559838196153
0.4626023703387556	0.26107435650950944	0.10383501964578097	0.17248825350595393
0.46301067345983826	0.2615578546378908	0.10315667200181707	0.17227479990045383
0.4631736612700942	0.2618165734815594	0.10331830401931662	0.1716914612290298
0.46360530287334667	0.26179266936333323	0.10378835118321182	0.17081367658010832
0.46396563537966906	0.2612923924446542	0.1042362058677457	0.17050576630793107
0.46412306800195957	0.26113787161785457	0.1046440172681468	0.1700950431120392
0.4641668225112174	0.2612857736901103	0.10394627886249289	0.1706011249361794
0.4633842814268304	0.2616592675152963	0.10471401011792152	0.17024244093995175
0.4639272588593195	0.26077423501055774	0.10430384369053414	0.17099466243958866
0.46313823409963234	0.26118668406560114	0.10443791956837659	0.17123716226638983
0.4634681888753816	0.2610399186199881	0.10452943659064463	0.17096245591398568
0.463658197420504	0.26135426060291	0.10442492692038188	0.17056261505620415
0.4632483581883932	0.2610150714533568	0.10434711500141643	0.1713894553568335
0.46402549964979195	0.2603554055574664	0.10459903961022282	0.17102005518251898
0.4633051445545298	0.2602264740006732	0.10545685520019192	0.17101152624460497
0.4646259098715903	0.2599458198973779	0.10525711107656435	0.17017115915446748
0.46504378523536677	0.2593455202397704	0.10511482368483642	0.17049587084002643
0.4660885903662179	0.2587173320435396	0.10438523829132013	0.17080883929892235
0.46626071099301974	0.25830244098694966	0.1040462714720299	0.17139057654800072
0.4669092142695641	0.25829908687738223	0.10388257673538802	0.17090912211766554
0.4671895228991131	0.257445620155506	0.1049087621365209	0.17045609480886004
0.4670437700514354	0.25741153176456927	0.10508359255817228	0.17046110562582312
0.467247082433835	0.256848757535978	0.1054005435266615	0.17050361650352552
0.46820254727714283	0.25655097688660045	0.1049079523845446	0.1703385234517121
0.4671805243040399	0.25760335717234084	0.1054522884962365	0.16976383002738268
0.46782424294818487	0.2571192238630483	0.10516468061685268	0.16989185257191414
0.467880126106013	0.2569621394025332	0.1052919538622528	0.1698657806292011
0.46757514226708863	0.25752003355890934	0.10536417607861626	0.16954064809538585
0.4673255645084484	0.25636383841125504	0.1060945551000515	0.1702160419802451
0.4672077086209924	0.2562113675426485	0.10658308259961001	0.16999784123674905
0.4663613572330172	0.25521973025647093	0.10773336983800365	0.1706855426725083
0.4664712150385216	0.2555594377416455	0.10689998639232545	0.17106936082750737
0.4660861909755841	0.2569620799541596	0.10680661370149075	0.17014511536876556
0.4658360625372046	0.25618783516762383	0.10731708859258458	0.17065901370258693
0.46509051262591605	0.25627720515300056	0.10764534838044554	0.17098693384063773
0.465051918712147	0.25687755686358377	0.10733846952464672	0.1707320548996225
0.46413490323602435	0.256700015070189	0.10758604268954737	0.17157903900423938
0.4634618697150654	0.2574685785785258	0.10684805019880189	0.1722215015076069
0.4630261230777817	0.2579319066173969	0.10652526504121337	0.17251670526360813
0.46317573369919723	0.257727015441239	0.10625816600847005	0.17283908485109373
0.4628627225509784	0.25844829998097746	0.10614299059668049	0.1725459868713637
0.4620882422850407	0.25863102900019724	0.10625766496799746	0.1730230637467646
0.4624269953770003	0.2584222091632226	0.10624899535211729	0.1729018001076598
0.46318879388482553	0.2586796701625157	0.1062748849172286	0.17185665103543024
0.4625079804485266	0.25919901779674537	0.10618080818966229	0.17211219356506577
0.46197573370889583	0.2594447644292588	0.10621301751975547	0.17236648434208995
0.46217936558220996	0.2594106017655275	0.10575011626674569	0.17265991638551695
0.46194281796882664	0.2592083572288185	0.1061768356034191	0.17267198919893575
0.4623101830460699	0.25866779609907437	0.10600799755692568	0.17301402329793006
0.4617522297411509	0.25869824073974107	0.10550823605593486	0.1740412934631732
0.46083458912022746	0.25814375257923644	0.10615800424439752	0.17486365405613863
0.4604745337606333	0.2580426296483929	0.10617422159412102	0.17530861499685285
0.4608004021711474	0.2590663935063957	0.10517451992865104	0.17495868439380588
0.4612492592284321	0.2595906377517125	0.10501687487072998	0.17414322814912545
0.4611839648703701	0.25919985633789017	0.10525833140106908	0.1743578473906707
0.4613935339999851	0.260038357085887	0.1046994941752814	0.17386861473884632
0.46175873619277313	0.25939855821133295	0.1041859479565521	0.17465675763934171
0.4622808954679685	0.25943099750650384	0.10357693386761399	0.17471117315791368
0.46238129658468957	0.259059569447037	0.10370063384263592	0.17485850012563756
0.46242452448690147	0.25914791996948966	0.10375914838464194	0.1746684071589669
0.4628618595828396	0.2591280695461775	0.10369480943642204	0.17431526143456083
0.46225520708849344	0.2590690617854892	0.10494509549928202	0.17373063562673527
0.4608326246994495	0.2599557956942474	0.10533777679667297	0.17387380280963
0.460884930433311	0.26053174354362213	0.10531220329620045	0.17327112272686634
0.461594758054025	0.26056665303559895	0.1047793780377818	0.1730592108725943
0.4618174410894876	0.26067272680070663	0.10463986290524033	0.17286996920456552
0.4615496890735288	0.26075748016639494	0.10499522837072214	0.17269760238935414
0.4625464381946226	0.2608341522879749	0.1047238588264213	0.1718955506909812
0.4623879098435286	0.26121755748578307	0.10496911242363055	0.1714254202470577
0.46339275455407	0.26067805196732247	0.10475175103782279	0.1711774424407848
0.46322768973324246	0.2605340427287272	0.10452166626010904	0.17171660127792138
0.4632812513582118	0.2601691575546771	0.10457048664045974	0.17197910444665138
0.4638819797898569	0.25933514078838765	0.10491001581757257	0.17187286360418277
0.4628650102624761	0.2592949935932306	0.10597305485086701	0.17186694129342625
0.4628764990601485	0.2590297765027512	0.10541102730904098	0.17268269712805923
0.4636809130437531	0.25898373064568786	0.10470888772073156	0.17262646858982741
0.4634630876115021	0.25877192152600165	0.1049174618997157	0.17284752896278052
0.46352142737680035	0.25901237396072274	0.10436856060319541	0.17309763805928155
0.46390717097583306	0.25925404959843185	0.1032968053781198	0.17354197404761523
0.464191884261902	0.2587446231361986	0.10328674122276152	0.17377675137913787
0.46457131303718274	0.2591092960294604	0.10294061637946068	0.17337877455389622
0.4648087683601502	0.2589622174785503	0.10269405214745955	0.17353496201383992
0.4643967836160424	0.25873035118196813	0.1038123703703182	0.17306049483167116
0.4651001268353115	0.25833109329188436	0.10367634399482199	0.17289243587798206
0.46560998977940016	0.25798539656198777	0.10409095771469754	0.1723136559439146
0.46579836302124616	0.2579788038957999	0.10317709940710981	0.1730457336758441
0.46631143383704265	0.2592565407994348	0.10254295811816116	0.1718890672453614
0.46598147009980045	0.25851360973630605	0.10266911508355869	0.17283580508033472
0.4664123148986261	0.2581239464988447	0.1027715812772366	0.17269215732529258
0.46611685633356054	0.2583584954042651	0.10244012427164849	0.17308452399052587
0.465559279172354	0.25834339200623146	0.10317113127909024	0.17292619754232427
0.4651024090563987	0.2582298823061672	0.10389786895290803	0.17276983968452594
0.46544652093046374	0.25931082977462194	0.1031792642210372	0.17206338507387708
0.465788371427366	0.25928359510138316	0.10260098607253018	0.17232704739872076
0.4655536035172198	0.2587825339989804	0.10314345672304014	0.17252040576075967
0.46574052219403783	0.25846425949136664	0.10319114804240903	0.17260407027218652
0.4663488527424293	0.25890419341363086	0.10210767663936972	0.1726392772045701
0.4662943971916435	0.2592149402100117	0.10198181779450208	0.17250884480384274
0.4662163352684909	0.25935933875721806	0.10164856620285945	0.17277575977143161
0.46641991892983686	0.2585572318638558	0.1017771247164234	0.17324572448988385
0.4659411566005588	0.2589904754626146	0.1024725126940225	0.172595855242804
0.4650614240386168	0.25851714950910293	0.10334040863469568	0.1730810178175846
0.4647514174070278	0.2583678156403447	0.10333278969809202	0.17354797725453544
0.4631744961088481	0.25924194933453015	0.10401433041050111	0.17356922414612075
0.4621613503400572	0.26039222961478187	0.10427511117574231	0.17317130886941867
0.46175847898074823	0.2613834140437977	0.10440967730378918	0.17244842967166488
0.46158116009467137	0.2622578811696495	0.10431513092171492	0.17184582781396437
0.4611542616963191	0.2619804214913507	0.10493895471693204	0.1719263620953982
0.46018864877806687	0.262125184833184	0.10513297599721842	0.1725531903915308
0.4589598884040876	0.26208201333172576	0.10542504779067094	0.1735330504735158
0.45887557557865055	0.2612998637840371	0.1063739885589166	0.17345057207839584
0.4586917981894784	0.26062259611266997	0.10670867601913746	0.17397692967871423
0.4600972148680672	0.26015151761384264	0.10538152172577996	0.17436974579231027
0.45961150065944756	0.25996950981458344	0.1057181076880773	0.1747008818378918
0.4601747484702048	0.26059384014557646	0.10565528903810405	0.17357612234611478
0.4608600259214733	0.26002540762223164	0.10555033498306558	0.17356423147322952
0.4608111440375076	0.260667297274519	0.10531518896619106	0.17320636972178224
0.46123731399793877	0.2603122620204254	0.10537807472857107	0.17307234925306475
0.461699012169755	0.2604130934275922	0.10516375582187586	0.17272413858077698
0.46172916124404884	0.26056961269970613	0.10556945874554599	0.17213176731069904
0.4618678403522333	0.2599951239251244	0.10561883191483284	0.17251820380780944
0.4626670050897845	0.2586908257843443	0.10533392489434017	0.17330824423153107
0.46254551191299925	0.2591487585335131	0.10538888416842446	0.17291684538506316
0.46313024008877884	0.25903053935720455	0.10457115698211532	0.17326806357190125
0.4635291198819542	0.2593183238829515	0.10420729340263513	0.17294526283245906
0.4631328026152722	0.2594875294084814	0.10434140377740417	0.17303826419884222
0.4624678507338687	0.25952895486490707	0.1050931614359308	0.1729100329652934
0.4631485732462159	0.2588942552851298	0.10529998088769542	0.17265719058095888
0.46327571235546844	0.2587532714306232	0.10563245109490396	0.1723385651190044
0.4633360059786547	0.2591955417005779	0.10536918284335	0.17209926947741738
0.46371466296218117	0.2584879586427752	0.10605364300828513	0.1717437353867585
0.46399451540384556	0.25863351741148516	0.1055416996100915	0.17183026757457773
0.4654361267448295	0.2589870777326199	0.10385649436525535	0.17172030115729514
0.46546217038508086	0.2595012422970093	0.1036652305918468	0.1713713567260631
0.4647923933930123	0.2605256934602323	0.10421613024285338	0.17046578290390205
0.4638235743249647	0.2610285962736787	0.104690411590413	0.17045741781094356
0.4637082699078756	0.2615549951733643	0.10442953472201832	0.1703072001967417
0.46301115898144807	0.2613038765974525	0.10529088904798013	0.17039407537311926
0.4628609629374719	0.261508709749689	0.10459384435841848	0.1710364829544206
0.46202962339276477	0.261481549671318	0.1049753648591321	0.17151346207678522
0.4621047854658983	0.2619209619434278	0.10448422697759813	0.17149002561307586
0.4617566244908881	0.26148688318635316	0.10506625718192232	0.1716902351408364
0.4621477840283964	0.26139808491891586	0.10426609240636732	0.17218803864632037
0.462037652563431	0.2614788965844549	0.10457971105509747	0.1719037397970166
0.4620731090656596	0.2615062030435203	0.10488210350671683	0.1715385843841033
0.46232839749021815	0.2612923726252192	0.10455027313457321	0.17182895674998944
0.46242392760255124	0.2608604772629192	0.10475675962083175	0.1719588355136979
0.46202768293868285	0.26167402730322387	0.10476587256699295	0.17153241719110035
0.4623813282420447	0.2614687133575413	0.10393799341629073	0.17221196498412342
0.4616109500441732	0.2612983418328019	0.1040091013458188	0.17308160677720627
0.4618778574886451	0.2602944320999929	0.10404945366743318	0.1737782567439288
0.4621882274381361	0.26079194456436156	0.10353368089066609	0.17348614710683638
0.46240514352063905	0.26047146192269416	0.10369172827133213	0.17343166628533457
0.4620529780189466	0.26087025600532554	0.10399119353456134	0.17308557244116649
0.461828546134873	0.2610347840980484	0.1040666731448463	0.1730699966222322
0.4609589658077545	0.26122138988228194	0.1041746206941896	0.17364502361577402
0.4609154401556891	0.2601239101824727	0.10451930596296738	0.17444134369887068
0.46099254249068977	0.2606444134015792	0.10428471189207719	0.17407833221565383
