0.25241214947004037	0.24623976925624116	0.2491392440794956	0.2522088371942229
0.2464156864306116	0.24443958647750821	0.24857125237851055	0.26057347471336967
0.252259608747265	0.24837058678393353	0.2462990694844525	0.2530707349843489
0.25878146718156403	0.24341014776749045	0.24749449573298987	0.2503138893179557
0.26595645285610137	0.240842474612678	0.24342761995790257	0.2497734525733181
0.2692842773464649	0.23609308565019582	0.2404655512894641	0.25415708571387535
0.26865412207178346	0.23455178303665686	0.2371199448024586	0.2596741500891011
0.26841887629366057	0.24043239430706526	0.22688856746477495	0.2642601619344993
0.2701084592906452	0.24117545226789341	0.22160476446023006	0.2671113239812314
0.2735406386822717	0.23770637185962118	0.22752998789126697	0.26122300156684014
0.27788859777625596	0.23834476520537617	0.22153038121290097	0.26223625580546694
0.28615060720649704	0.23535923868735828	0.2153005988055297	0.263189555300615
0.29418166547800617	0.22924821702594736	0.21390914788949145	0.26266096960655494
0.2936698055682191	0.22582338352272752	0.21068370046410478	0.26982311044494867
0.30155304314196296	0.22834762557831897	0.20351844359562732	0.26658088768409083
0.3038186951641019	0.2238632236194702	0.19748671129907172	0.2748313699173562
0.312995825337665	0.2154058763845493	0.19920488701117914	0.2723934112666065
0.3164947814007904	0.2226245064933412	0.1948216025544852	0.26605910955138323
0.3137841668891412	0.21608976858828538	0.19528850047098192	0.2748375640515915
0.3178488549378935	0.21924808787437197	0.19438008600118503	0.26852297118654955
0.31603156032327157	0.21987316445295915	0.19118144942893744	0.2729138257948318
0.3216367773186531	0.21401678915325784	0.18285315879411576	0.28149327473397323
0.3196301936701602	0.2071283495085215	0.18648524170226505	0.2867562151190533
0.32182818004310304	0.20721919813580122	0.18725358162379915	0.28369904019729647
0.32921776738518915	0.2023668488113643	0.18751871118708957	0.2808966726163569
0.3354171149564297	0.2016441054933588	0.18660182605371614	0.2763369534964954
0.33531268827808175	0.1967409288148097	0.19029783295142694	0.27764854995568156
0.33401126149467014	0.20616884565794127	0.18345248412452667	0.27636740872286186
0.34412787351200114	0.20625641506363102	0.17990647073692528	0.2697092406874426
0.35089867777936434	0.19794636627554033	0.17992560616255698	0.2712293497825384
0.34552129089342704	0.2019513942235258	0.17731395526786303	0.2752133596151842
0.34338129525746697	0.20212266400940285	0.1735346813294827	0.2809613594036475
0.35258311455758845	0.20318802973068165	0.1537023398372673	0.2905265158744626
0.35741904156368354	0.19840601633772337	0.16111259328320438	0.2830623488153886
0.3709656146954799	0.1877908530917956	0.15345540072426558	0.2877881314884589
0.3776917035957885	0.18742453185789992	0.15155288965300837	0.2833308748933032
0.3831650300971118	0.17322504027286406	0.16154865474822092	0.2820612748818033
0.3779444299244345	0.16817606781491484	0.16711277327023488	0.2867667289904157
0.3761418375043663	0.17716920434120842	0.16101220006246597	0.28567675809195936
0.37693533436837423	0.17238579662914136	0.15989908063168884	0.2907797883707955
0.37968024603682254	0.16966028880196518	0.1608084201370669	0.28985104502414555
0.3842437340309728	0.168280336602214	0.15777412432166443	0.2897018050451488
0.39032811959202673	0.16746307264502988	0.15235744815317337	0.2898513596097701
0.39282068443540047	0.17003076028848632	0.14835774521263065	0.28879081006348256
0.4027667470485773	0.16701261225395295	0.13946987368293295	0.2907507670145368
0.40410243472751595	0.169039185673879	0.13594876125795927	0.29090961834064577
0.40369663368667036	0.1658703414911157	0.1335898608866164	0.2968431639355975
0.40665302473906695	0.16721581838961305	0.13505827303428203	0.291072883837038
0.4124639577108333	0.16125095137821563	0.13718746535650211	0.2890976255544489
0.41240517540465516	0.15761179002202821	0.13490991677955624	0.2950731177937603
0.41010353707325714	0.16387835911981452	0.13228381644558804	0.29373428736134033
0.41889987839104076	0.16718240007197915	0.12225853667963957	0.29165918485734044
0.4140348992416251	0.16998401373348954	0.12802255356824396	0.2879585334566413
0.4170967820083947	0.1600185415271199	0.12773999658122684	0.2951446798832587
0.42448245774366733	0.16445767973036918	0.1310205750982771	0.28003928742768636
0.42364649035610047	0.16971990484992006	0.12052186807400816	0.2861117367199712
0.42229558204137846	0.17521086811001613	0.11674664501587655	0.2857469048327287
0.4260138931925388	0.18043295462939296	0.11559653236148863	0.27795661981657954
0.43083002479010607	0.17837050576783853	0.1126998842656873	0.27809958517636824
0.43052153861838516	0.18165141764708356	0.115631431055848	0.27219561267868325
0.4368408966006092	0.17805660514931373	0.11745185189659249	0.2676506463534846
0.4308557413351352	0.18250071647865584	0.11758122470252333	0.26906231748368564
0.42573774416555465	0.18659474512476082	0.1148825783413121	0.27278493236837253
0.42784946880728797	0.19390853768234897	0.10132093424658876	0.2769210592637742
0.4226568500443529	0.19616759768861614	0.09979243373484996	0.2813831185321809
0.4282387418945996	0.2014319788362613	0.0980793934904971	0.272249885778642
0.4377151781906561	0.1960792501809766	0.08913881469923018	0.2770667569291371
0.4413500580495467	0.19925885654471	0.07997055690892121	0.27942052849682214
0.4409895741653716	0.19580000679582613	0.08998733189758025	0.27322308714122195
0.45165294021409497	0.19346993426856687	0.07634328081651734	0.2785338447008209
0.4459997558502153	0.1997158538069624	0.08113689609107953	0.2731474942517428
0.44436235990075934	0.2012052750735513	0.07680017848796673	0.27763218653772265
0.43795778880491554	0.2025717633581198	0.07717991901940126	0.28229052881756345
0.44349522111428274	0.19979791431416538	0.07626298801183092	0.280443876559721
0.4491010527194024	0.2005250429578328	0.07157045689232315	0.2788034474304417
0.44885323016351736	0.19043229768366557	0.081125383981353	0.27958908817146405
0.44893473374571435	0.18924871152172235	0.08447830001246946	0.27733825472009394
0.43642785081879315	0.19411930975611308	0.09282657561524583	0.276626263809848
0.43424358639251304	0.197628073081923	0.09722783343277083	0.2709005070927932
0.43484074828249525	0.20334925444909716	0.0943223883130434	0.2674876089553643
0.44560783155011036	0.21083936680212975	0.08545242537455722	0.2581003762732026
0.44924546841358026	0.2047726635523872	0.08162149613505573	0.26436037189897676
0.4459250845209656	0.20505755042107723	0.07812700483747434	0.27089036022048285
0.4463566144652901	0.20339696176571329	0.07856662788874291	0.2716797958802537
0.44253812529952	0.20140514736193393	0.07612399038399911	0.2799327369545469
0.4360990349722171	0.21383850968903145	0.07298044642517473	0.2770820089135767
0.4392970158207693	0.21195989184336533	0.08068028906344009	0.26806280327242527
0.43990453064848006	0.20920133370675842	0.07701967185559577	0.2738744637891658
0.44256503286832016	0.20247898509497392	0.07935652716643257	0.2755994548702733
0.45451475913109923	0.201543123625837	0.06751280145445343	0.27642931578861046
0.45847190990989645	0.19611310325256578	0.06329523190585358	0.28211975493168423
0.465343443408307	0.18768410637437158	0.06488603903782	0.2820864111795015
0.46146331463476287	0.18785051214033108	0.07181538742960254	0.2788707857953036
0.47127202142792013	0.18323768875422622	0.07038354586261868	0.2751067439552348
0.4803860642184477	0.18747188001138557	0.06025574438083705	0.27188631138932956
0.4780476764917692	0.19534310374743497	0.04755281083357426	0.27905640892722156
0.48071728582139606	0.19424659559037388	0.046214271195989136	0.2788218473922409
0.48658057609206934	0.19543907562766408	0.05348977450124876	0.2644905737790179
0.4864218033613796	0.194612459396435	0.0558632696004636	0.26310246764172174
0.49729945274338816	0.19768442524750193	0.045182377021013416	0.2598337449880964
0.4954371967134088	0.2027429640068912	0.04525396631759475	0.2565658729621053
0.49202755931434067	0.20934280730608423	0.045975184294775116	0.2526544490848
0.48954740299676597	0.2143774448854804	0.042809678517771524	0.2532654735999821
0.4912243577399199	0.20929973962903262	0.04528945679440429	0.2541864458366431
0.48382468955271507	0.21405048263890106	0.04858292988049404	0.25354189792788967
0.4871551397614148	0.20378286270810153	0.04925446714332304	0.25980753038716065
0.4952045414609857	0.19970050449351665	0.05249157641181665	0.25260337763368107
0.4857718808114285	0.20049651645395436	0.05818218436685402	0.25554941836776307
0.48108591161373476	0.2024953467674113	0.05097909604471057	0.26543964557414335
0.48199868106352806	0.20322050951907675	0.04519998971390108	0.269580819703494
0.47300029147702205	0.21199934099898257	0.0428639931722044	0.272136374351791
0.47005279982527076	0.2159995836113128	0.04428889195951896	0.2696587246038975
0.47017650723931975	0.21681965450538115	0.03602559005355834	0.2769782482017408
0.4634643436900793	0.2173639208187387	0.03622732013645645	0.28294441535472564
0.4638026732880621	0.21592611036432105	0.040928191155630046	0.27934302519198695
0.4548353467564888	0.2190091651666843	0.05139602629745375	0.27475946177937327
0.45850938415077724	0.21402164805336574	0.05276850045675579	0.27470046733910125
0.4573907851778722	0.21844025248733154	0.053815114398202794	0.27035384793659345
0.46017115474700326	0.21726608208983023	0.055224380399301665	0.26733838276386496
0.4648675982143112	0.20776448160877337	0.05587553091829802	0.27149238925861746
0.4608164829985529	0.2084272307676762	0.049982565313629525	0.28077372092014136
0.46350153167125585	0.2102812218039416	0.04716794148644132	0.2790493050383611
0.4589567261341164	0.20143489853843513	0.05834405183906182	0.28126432348838676
0.46307088772040633	0.19923594879077697	0.06180167181914757	0.27589149166966914
0.4620418447377276	0.20149279980880755	0.06135289720146756	0.2751124582519973
0.46988837700967884	0.20115358511881193	0.05020131674029316	0.2787567211312161
0.4744322614754422	0.19571309375796142	0.050071406147244146	0.27978323861935217
0.4702898614766939	0.20614710628631638	0.04512847975673899	0.2784345524802508
0.45412160862301076	0.20761539854385258	0.05803026803997065	0.28023272479316613
0.4631643162012213	0.20813001704718165	0.05754074977830217	0.2711649169732949
0.4577868955248817	0.20393551141093014	0.06874664687231002	0.2695309461918781
0.46147448722077056	0.20541701864828557	0.07352810290894635	0.25958039122199755
0.4656568346771972	0.20127318761319074	0.08118869025551557	0.2518812874540966
0.47270220903806454	0.20521412016788412	0.08405344851347443	0.23803022228057694
0.4743635557734179	0.19953045866238173	0.08118230636940592	0.24492367919479435
0.48237210277066045	0.19542544702667936	0.07615372657326164	0.24604872362939853
0.4755351056265836	0.1988961989148567	0.0784844861011658	0.24708420935739397
0.4652306767338163	0.2048037913462115	0.07940652571284242	0.2505590062071299
0.468249970309994	0.20624868670481744	0.08017886908942329	0.2453224738957653
0.47165860239123747	0.20623630911238014	0.08190690182908464	0.24019818666729778
0.46865051410241654	0.20470831809203066	0.07958005309050813	0.24706111471504485
0.4662857400163581	0.21104940559091345	0.0779736920865281	0.24469116230620036
0.4663959359307844	0.21098698667069485	0.07390551798253958	0.2487115594159813
0.472452807136389	0.2105579391890244	0.07290105084013894	0.24408820283444774
0.4755278309953355	0.20404273832598196	0.08081296640628143	0.23961646427240108
0.4687285918621961	0.2051274930277379	0.07587161521625016	0.25027229989381583
0.4689449653725481	0.1957191208690201	0.09024850066432012	0.24508741309411158
0.475444733670967	0.19775776264681416	0.08197322994327019	0.24482427373894863
0.4762028368858289	0.20567372636326936	0.07932027373169395	0.23880316301920798
0.4758633395841626	0.21300687489105732	0.0704606949225516	0.24066909060222855
0.4834595940528612	0.2139759363659984	0.06511080395052629	0.23745366563061404
0.49867048368931977	0.20878684928791655	0.055800632635670755	0.23674203438709296
0.49724311188619874	0.2128143732160036	0.05007906701516065	0.23986344788263703
0.4930245154066987	0.21278706753070217	0.06037131591914066	0.2338171011434585
0.4873331800624621	0.2254366469661631	0.06025047824074953	0.2269796947306252
0.4966061799474746	0.22554638001737365	0.05485690887754573	0.22299053115760603
0.502670330343238	0.2166887509691546	0.058172786923884744	0.22246813176372263
0.5087479849218973	0.21557926229785687	0.05539914585628395	0.22027360692396186
0.5036274305321072	0.22225088181859692	0.05515386485959268	0.21896782278970328
0.4951903019191113	0.2175651367167837	0.05770046932524571	0.22954409203885923
0.49566973975880446	0.21995440455875961	0.0578931978324931	0.2264826578499429
0.5101167343695856	0.21506119842673554	0.04707989898330766	0.22774216822037108
0.5099576270200623	0.21937741465659158	0.04964177855237752	0.2210231797709686
0.512171726523465	0.21994345998239642	0.050907019016305614	0.2169777944778331
0.5214960305147812	0.2223355608563132	0.04614570311517735	0.21002270551372806
0.5179303106415859	0.2219138811968076	0.0410159595262329	0.21913984863537353
0.5238213755130345	0.22549208112842317	0.040983167465670864	0.20970337589287139
0.5229291847278944	0.23125396198762863	0.039428473263920696	0.2063883800205564
0.534177183082435	0.22783631145452243	0.030628767725115462	0.20735773773792707
0.5320458722607722	0.22521793672173943	0.03765271476485995	0.2050834762526285
0.529805200840894	0.21586991614450363	0.0395443089755894	0.21478057403901302
0.5329557723596281	0.2162519413598566	0.041547818474659694	0.20924446780585565
0.5233929253636924	0.21675569670459954	0.0510065316414032	0.2088448462903048
0.5287121701338992	0.22471087204858733	0.05216594801826079	0.19441100979925263
0.5276087782608859	0.2256208112752761	0.05245577312443145	0.19431463733940646
0.5264734354451378	0.23043116267901492	0.05508358362322928	0.188011818252618
0.5293405347067749	0.23375207877487697	0.0551725752043886	0.18173481131395955
0.5346251288865613	0.23213923062273603	0.0539329293462186	0.17930271114448404
0.5360836662164955	0.23709471863170514	0.048667889191238316	0.17815372596056114
0.5340152295863242	0.24666768041994705	0.0480076321914252	0.17130945780230356
0.5251136152619876	0.2530862143498665	0.046042863330047555	0.17575730705809836
0.5305969738454587	0.2560857583308786	0.037803469119000975	0.1755137987046617
0.5195982468805257	0.26765156275690366	0.03715631173786324	0.17559387862470732
0.5338506210326349	0.2746726028887027	0.02553023681048829	0.16594653926817388
0.5212644565733432	0.27521631011831915	0.036777326418388455	0.16674190688994917
0.5230591188231124	0.2771633505614962	0.03763978607809374	0.16213774453729768
0.5033908997685905	0.27804975208643706	0.05519103710410301	0.16336831104086944
0.491280620381617	0.2721499704657811	0.07174549925053374	0.16482390990206824
0.48647832298123966	0.2786331001701288	0.07597514977724053	0.15891342707139106
0.4881768135459672	0.2824236310376435	0.065633555734607	0.1637659996817822
0.4894924812125147	0.2842499451075888	0.06962673249277201	0.15663084118712453
0.4912342879701457	0.28253853766843245	0.0721114763837809	0.15411569797764102
0.49301354734604974	0.28834173484834047	0.06153062680736649	0.15711409099824336
0.49480539458110717	0.2879624886391203	0.06500979311158393	0.15222232366818864
0.4989782957447109	0.2842353887542386	0.06638308501155442	0.15040323048949608
0.4986245939669003	0.27650721007543794	0.07952011186759	0.14534808409007186
0.5029904174638989	0.2857126347444299	0.07078056455009278	0.14051638324157834
0.49881667073666963	0.2827568207451381	0.079758478842358	0.13866802967583422
0.5012247728604048	0.2825499185789024	0.07894573888898627	0.1372795696717066
0.49995457981727565	0.2874866733426405	0.08299025412140176	0.12956849271868212
0.5000073616677213	0.28996070222584663	0.08348271072428985	0.12654922538214214
0.48894159902564016	0.29459374993300275	0.0882201360146325	0.12824451502672463
0.48500523576519355	0.2930980582355336	0.08923039411866625	0.13266631188060662
0.48530318211810447	0.29374530747525546	0.09735167346789737	0.12359983693874263
0.4809673890576157	0.2979248552023547	0.09898053405775917	0.12212722168227055
0.47920049016115823	0.3027883807636469	0.08890172970926517	0.1291093993659297
0.4837783263202766	0.3003589392168743	0.08656753816017787	0.12929519630267122
0.48270090903274543	0.3039998879161903	0.08367321529955013	0.1296259877515141
0.47449238927684334	0.30461250373203197	0.09036890412625535	0.13052620286486938
0.4860952259262385	0.29414310245326636	0.08941623312620363	0.13034543849429153
0.48721584108938704	0.29024278481491206	0.08674180723606974	0.13579956685963115
0.48967655245751235	0.29045291253315986	0.0857934787022406	0.13407705630708727
0.49354104586599135	0.29625092532746483	0.08046389562092544	0.12974413318561837
0.4894947238747799	0.3092471680774726	0.07808941568599083	0.12316869236175654
0.4881196916009974	0.3172395182629498	0.08167449583749634	0.11296629429855637
0.4797178866671448	0.3063109551387247	0.08862975568068786	0.12534140251344264
0.4836402411375247	0.3023850489697052	0.08909933659401201	0.12487537329875815
0.4862486183066657	0.2883866479789999	0.0917512172954583	0.13361351641887625
0.4799295990890119	0.29136907404715134	0.09213899137232531	0.1365623354915115
0.48425908257763617	0.30016293552179724	0.08207486341484478	0.13350311848572186
0.48574855149571794	0.3053902791165301	0.0697917636468408	0.13906940574091115
0.4834735932242928	0.30799729246038127	0.0740555776303793	0.13447353668494666
0.47668708155647077	0.30316474007624283	0.07949586617913362	0.14065231218815266
0.47127652878589066	0.30296951156703655	0.08116126881522352	0.14459269083184925
0.46732124151073395	0.30044869239493077	0.08782307899597373	0.14440698709836158
0.4687911960938657	0.3035563233245338	0.08487159654100675	0.14278088404059375
0.458637478651044	0.29193923521162474	0.09550864874565711	0.1539146373916742
0.46532544016061816	0.2822784777871477	0.09574993387303728	0.1566461481791968
0.46818479275812114	0.2850991328292108	0.08884117085261581	0.1578749035600523
0.4741307006197423	0.2878125386307435	0.07463250468623661	0.16342425606327746
0.47890277908011225	0.28485190164213775	0.06341235976137584	0.17283295951637406
0.4724490413361293	0.28172516293984695	0.07080101133688177	0.17502478438714186
0.46977987972019225	0.2873489763465357	0.06553410481068632	0.17733703912258575
0.4636613473045864	0.2871693262251011	0.0698775243080992	0.17929180216221324
0.4508519378056308	0.2916074737862994	0.07911112451056937	0.17842946389750045
0.45030362035358784	0.29039352873702956	0.08376098674641645	0.17554186416296608
0.4606961378456515	0.28326211411898544	0.08253076048198575	0.17351098755337732
0.4576779437696072	0.2837846915355372	0.08233428983102846	0.17620307486382714
0.4589610529746597	0.2806103198112818	0.07828684914717657	0.1821417780668819
0.4671043552581943	0.276949153623579	0.08275438793546193	0.1731921031827647
0.4712691942362184	0.27593275431380354	0.08453762555997528	0.16826042589000292
0.46536835968016044	0.2720386730182918	0.08702428784773188	0.17556867945381593
0.46380900565082256	0.27109244268153543	0.08887042240600612	0.17622812926163584
0.46901902467866374	0.27136554657707024	0.08589143921920074	0.17372398952506515
0.46966607325645254	0.2650560943297976	0.09047108628375752	0.17480674612999225
0.48271915250610303	0.25655312245128503	0.08757651321980581	0.17315121182280618
0.4806800302865801	0.25830314946814115	0.0864643470051715	0.17455247324010725
0.4731471154749536	0.26329670796458243	0.08759194784719941	0.17596422871326461
0.4772344449929406	0.2590641218082429	0.08332376769520877	0.18037766550360781
0.4836660076873284	0.25300087059518866	0.08557519475885907	0.1777579269586238
0.48900782328682696	0.2573114729776467	0.07673625788160637	0.1769444458539199
0.48428606151112175	0.26226574631521976	0.0774555140618419	0.1759926781118167
0.49374372323377397	0.2641511250160049	0.07103359683591845	0.17107155491430262
0.4999783376889744	0.2635743057328398	0.07207989857667027	0.16436745800151556
0.500888440050382	0.2779630642765041	0.06477619910088835	0.15637229657222557
0.5021443915417416	0.2832594067465432	0.058083743123575365	0.1565124585881399
0.4971440472527955	0.28440495031301005	0.05647176899254144	0.16197923344165288
0.4921033299213179	0.28737747243200534	0.059870306756667775	0.16064889089000894
0.5068712770007459	0.278807331477543	0.05932479574093496	0.1549965957807761
0.5134308103559803	0.27560549829680187	0.05965008259995091	0.151313608747267
0.518843882074929	0.27198960272557604	0.06177655819470197	0.14738995700479302
0.5116683777537272	0.2701523322887053	0.0635398911166886	0.15463939884087896
0.5061164072590781	0.26784497338480073	0.06100002115821032	0.16503859819791072
0.5120376437471014	0.26198273706635594	0.06456560548186935	0.16141401370467334
0.5158257949919645	0.2646577943141419	0.05612235619533425	0.16339405449855954
0.5203862652395942	0.2643847288042092	0.04810972724021951	0.16711927871597693
0.5174758111778931	0.2671857836040748	0.05206674500287649	0.16327166021515557
0.5121540107409527	0.2637119161412135	0.06147815744798699	0.1626559156698469
0.5071706553087562	0.2715581885559151	0.06748261312038469	0.15378854301494402
0.505685566600405	0.277395210779597	0.06822540334293034	0.14869381927706768
0.5087850279608367	0.27180299719645007	0.07162637883342855	0.14778559600928476
0.5078533409533597	0.27897488643122087	0.06837874183798863	0.14479303077743086
0.5104079853455826	0.2903945237888538	0.07049387412261336	0.12870361674295014
0.5153986943933258	0.29140412973872276	0.06480093361231533	0.12839624225563614
0.5246743851370723	0.2892964298380299	0.05899654494664993	0.12703264007824788
0.5358185562778512	0.295774338335772	0.053507591065930185	0.11489951432044665
0.5330433191791978	0.30111103471943085	0.05789781187067307	0.1079478342306984
0.5412524125249202	0.2846390114821057	0.07144843459490655	0.10266014139806771
0.5334215440252956	0.28601543890797226	0.07192654632335692	0.10863647074337515
0.5239101098347296	0.28451515033546937	0.07676476843540965	0.11480997139439127
0.5270044701044752	0.282243252446422	0.07028678950122669	0.12046548794787613
0.520296926939592	0.28458118090428464	0.07669222502249948	0.11842966713362392
0.5210833109466939	0.2882904599376198	0.08206475824983563	0.10856147086585065
0.5185707054978136	0.2848043776278097	0.08522850769441921	0.11139640917995755
0.5053958631034878	0.28915359485387915	0.09587047711736499	0.10958006492526791
0.5093514818063458	0.2882174917544852	0.09329498782261461	0.10913603861655441
0.5074393616547194	0.28360170715150046	0.09523029413472903	0.11372863705905095
0.5102002954857466	0.269069792340926	0.10253932269226902	0.11819058948105826
0.5083023283484434	0.2689897874169509	0.10681456456711355	0.11589331966749228
0.5156761947770984	0.261846730362137	0.1040103586248879	0.11846671623587668
0.5075780264540171	0.26856356156606803	0.09904134781869117	0.1248170641612238
0.4977533710242718	0.27182326151401087	0.09674749415739023	0.133675873304327
0.5054085175355358	0.2632410127599024	0.09781637686556413	0.13353409283899764
0.5041593383473274	0.2611526784779368	0.10086028301952073	0.13382770015521525
0.500245563574904	0.2678955191208105	0.09404327994685568	0.13781563735742974
0.49444685807068867	0.2745728186436126	0.08740668156954158	0.14357364171615716
0.5095005899120929	0.2687301368649789	0.07805310191000893	0.14371617131291933
0.4968620988299071	0.27371259717019797	0.086395679002683	0.14302962499721195
0.4866178068961624	0.27427063099691573	0.0890262542489038	0.15008530785801802
0.4824423787368212	0.27981667533119325	0.08734400201251537	0.15039694391947017
0.4880237266608753	0.2749090536710034	0.08814415050450204	0.14892306916361933
0.4943660508658909	0.28873394326798635	0.08720915652617771	0.1296908493399449
0.4979428221739178	0.28004717787629546	0.09241256533960775	0.12959743461017906
0.49534011074604073	0.27788838073493877	0.08704305496846913	0.13972845355055144
0.4919199009244004	0.27963345247447646	0.0876347709638228	0.14081187563730027
0.49771373650191264	0.27959436018003986	0.08302592661694261	0.13966597670110492
0.4972445463741148	0.28191115939050676	0.08688265883634406	0.13396163539903433
0.4973790222797146	0.2858113491849794	0.08933190951833014	0.12747771901697574
0.4989456087469183	0.28840153740111973	0.09167599278576856	0.12097686106619338
0.4922471843310485	0.29060128859185513	0.09801155728942382	0.11913996978767245
0.4960662006183714	0.2928108776202811	0.09768588768817545	0.11343703407317203
0.49447677956306907	0.2938650250687132	0.09654072168395643	0.11511747368426126
0.4933565411814909	0.29161294798301285	0.10610033599665739	0.10893017483883888
0.4883635890393528	0.2985784334101534	0.10112121633838458	0.11193676121210928
0.4936312837637358	0.3057306431564269	0.09848778718528232	0.10215028589455502
0.49701800555468584	0.2982303280523357	0.10237583319648931	0.10237583319648931
0.5067209102769882	0.29221566817697264	0.10571991838070711	0.09534350316533201
0.5034325295736322	0.2840426864906626	0.11263423126376063	0.0998905526719446
0.4899955400445741	0.2915799782215571	0.12172578139527408	0.0966987003385947
0.494735006406182	0.2931311164079834	0.11530271645908365	0.0968311607267509
0.49697565577973596	0.28575342920295543	0.11394741834215302	0.10332349667515563
0.5017635116598661	0.287342125633865	0.10648107663309338	0.10441328607317536
0.4895530621636371	0.29110006999202714	0.10737387839608901	0.11197298944824684
0.48365977858215964	0.2989509374527861	0.10314787293463902	0.11424141103041517
0.47893677169948534	0.2922033225742416	0.1105312192981043	0.11832868642816874
0.47998400346436243	0.27804896726041756	0.1180735745994658	0.12389345467575417
0.4898424322874642	0.27890729553698246	0.11469760205024333	0.11655267012531
0.49457986234526063	0.281405415470202	0.10655410783195157	0.11746061435258576
0.4944576211190275	0.27405328536721874	0.11263088256388916	0.11885821094986446
0.48561525245245935	0.2795393686875134	0.10761876718003002	0.12722661167999721
0.4840744771804078	0.28088020527785934	0.10456762680104636	0.1304776907406866
0.4781497897406638	0.28240694377768316	0.10377935889508068	0.13566390758657232
0.47217098266619006	0.28667161917623146	0.10736379402058242	0.13379360413699615
0.48123069025451454	0.28733391063474345	0.1106639739772183	0.12077142513352378
0.4888327857322166	0.28230986693969384	0.10348898057707992	0.12536836675100957
0.4885379753510498	0.2786834177917632	0.09914227305541047	0.1336363338017766
0.49383799196124833	0.27662046185281874	0.1014495593291175	0.12809198685681547
0.4873778450007129	0.28947156125465145	0.10243260778223506	0.12071798596240056
0.48515060413628797	0.2834795815555155	0.11245260406970956	0.11891721023848703
0.4777751850485474	0.2808010063036365	0.12492792132695915	0.11649588732085704
0.46758959672073175	0.2898968531917076	0.11930051156163282	0.12321303852592783
0.4698200218978745	0.28685810498244596	0.12023279452814906	0.12308907859153045
0.4599566575759375	0.2955290969699332	0.11647738871757185	0.12803685673655746
0.4575034008976525	0.2933269958166996	0.11178587255757232	0.1373837307280756
0.45785119982534694	0.29161009066622323	0.12012671237751944	0.1304119971309104
0.4590123784813919	0.29322446269769314	0.1187782364381795	0.1289849223827354
0.4552300574177726	0.2948769887402047	0.11822393548861343	0.1316690183534092
0.45711863157176363	0.2901319179022421	0.1173014282142939	0.13544802231170028
0.45273786280398415	0.2947492627757567	0.11810234010102694	0.1344105343192321
0.45374782291235943	0.2874833646856568	0.12297621484190267	0.13579259756008102
0.4478147773773967	0.28609374026071954	0.13085208332039566	0.13523939904148807
0.4369569956137267	0.2841720410819352	0.13850587045659832	0.1403650928477397
0.4440868264300379	0.27868083229293206	0.13540148499922589	0.14183085627780426
0.4459329998393424	0.2852095928353597	0.1308886529390587	0.1379687543862392
0.44491541469817775	0.28702301006990644	0.12704611286536316	0.14101546236655277
0.4372030723746805	0.2817997047372344	0.13347878866470042	0.1475184342233848
0.4361665938726617	0.284663517362476	0.1344494822314064	0.14472040653345591
0.43201523339007303	0.28183464157399013	0.13912212238107796	0.1470280026548589
0.42852981120500344	0.28554192599234646	0.1403639237005266	0.14556433910212346
0.4277459902839272	0.2815259648526388	0.14747731815019452	0.14325072671323946
0.42445670667299307	0.28734969328137266	0.14494445758997204	0.1432491424556621
0.42715729053049617	0.2844228168940546	0.142882748488962	0.14553714408648732
0.41190362439878786	0.28653028605530695	0.14664619439142246	0.1549198951544828
0.4190517307218146	0.28389658173266097	0.14194829086633048	0.15510339667919384
0.41657114157238645	0.27221331341721755	0.14838112769076345	0.16283441731963258
0.41737072106630474	0.2707901986183638	0.14885341991641593	0.16298566039891563
0.42378356990627125	0.26681623513766495	0.14387217877770733	0.1655280161783565
0.42606243010529976	0.26528971010844915	0.13989470400563442	0.16875315578061661
0.4221033059702818	0.2584555341218758	0.14625356040900842	0.1731875994988342
0.4249641135430152	0.25657124924255126	0.14402181826079125	0.17444281895364236
0.42207745104886224	0.252866724857332	0.14300856496206482	0.1820472591317409
0.4304751616329692	0.24974791495190923	0.1407987970662989	0.1789781263488226
0.4204986089823615	0.25587271952738555	0.14040277059366074	0.18322590089659221
0.4255040366711194	0.2502074624323373	0.1401263703414701	0.18416213055507313
0.4333458973427966	0.2525235304790709	0.13796178557627603	0.17616878660185645
0.43928065584376724	0.24942380254168336	0.14000398063372768	0.1712915609808217
0.4473954328498533	0.25056644904807795	0.13359059645869045	0.16844752164337828
0.4469878295971809	0.25299565282216735	0.12472143975479569	0.17529507782585613
0.44526846688692656	0.2541095098807376	0.12467030564060698	0.17595171759172887
0.43943461633235487	0.250623240714225	0.12302611025257851	0.18691603270084162
0.44010260675858753	0.24530477748209378	0.11739797025015246	0.19719464550916607
0.4302104187948841	0.250599081078643	0.1222052471344865	0.1969852529919865
0.4362676272447897	0.25911244507932824	0.11990946815641615	0.18471045951946582
0.4314970903625471	0.2538609580289915	0.1206153694071628	0.1940265822012986
0.43567691517163126	0.2581413590075413	0.11290191744433135	0.19327980837649603
0.4371616323868156	0.2572589428285178	0.11243458933921785	0.19314483544544875
0.4348240276671438	0.2627926186551009	0.11175078869470605	0.19063256498304929
0.43712120408714605	0.26034746318038493	0.11460738933039133	0.18792394340207763
0.4387932602905273	0.254631603910888	0.12313229929615968	0.18344283650242502
0.4418977547483215	0.25975781739879317	0.11638295139185115	0.18196147646103428
0.4439847058992938	0.2618372945352431	0.10954896754731293	0.18462903201815004
0.44970996150932385	0.2585911118634076	0.11853838345033053	0.17316054317693796
0.45103099636881916	0.2538980217353411	0.12682225196350108	0.16824872993233855
0.45063264881242027	0.25767356397540386	0.12565827604542995	0.1660355111667459
0.44853870439785387	0.2566707307360317	0.12483237432990757	0.16995819053620678
0.4458551556303364	0.25568280881133293	0.1279654620810547	0.17049657347727593
0.45305591031130243	0.24088903839882905	0.1266251256161357	0.17942992567373284
0.44714529072890574	0.23745163659981405	0.13078623748792712	0.184616835183353
0.4467907867900318	0.241778998133196	0.12272324728896912	0.18870696778780313
0.4495298951554864	0.2447024638364015	0.12146139296741139	0.18430624804070075
0.44829480328073956	0.24697112855201217	0.11708157768291783	0.18765249048433033
0.4564560723022217	0.249448650682749	0.11155682796444522	0.18253844905058403
0.4551690797841506	0.24444027151097864	0.1127162780003749	0.1876743707044959
0.4462775227290212	0.2559216836138534	0.11231638631424629	0.18548440734287916
0.4474800568509222	0.2620454301766397	0.10311770571711873	0.18735680725531928
0.44224415743221007	0.27069774148547315	0.10832725274359876	0.178730848338718
0.43803831269570026	0.2712595230662951	0.11027807587019027	0.18042408836781434
0.43568331529907406	0.27710193675209643	0.10131164484917878	0.18590310309965077
0.43556266468531024	0.2813241508633562	0.09571457439787244	0.18739861005346103
0.43163552349458195	0.27826958095097765	0.10384405782260546	0.1862508377318349
0.4333046619490581	0.27500246371238357	0.10376055095217886	0.1879323233863794
0.4328326899609041	0.26963416732716744	0.11036249477488971	0.1871706479370388
0.43706689047755676	0.26265114675920237	0.10565570685924112	0.1946262559039998
0.43870779564306583	0.25596843552614346	0.10808684279636321	0.19723692603442752
0.43135703445904516	0.24577863009519102	0.11369533725878282	0.209168998186981
0.4287021976765511	0.2471039028981745	0.11584983118610416	0.20834406823917023
0.43648511839022963	0.23750655361082287	0.11758836636491427	0.20841996163403323
0.4346574836386764	0.23807170857733576	0.12333821066193994	0.20393259712204795
0.4269893744678523	0.23602010020867795	0.12861324786888864	0.20837727745458115
0.4298833213585416	0.23343566646804803	0.12334070008774087	0.21334031208566945
0.4280832941691882	0.2462527277792014	0.11758406590190282	0.2080799121497075
0.4263169367106827	0.24446660310008508	0.12285918020178499	0.20635727998744716
0.42919917169053484	0.23981635353727518	0.11689196038688908	0.21409251438530083
0.4350793592758907	0.23745072705912126	0.1097185851886198	0.2177513284763682
0.4313437728155284	0.23244814016530335	0.1183942840574158	0.21781380296175246
0.4407779550796316	0.23023746079410623	0.11802689468713329	0.21095768943912888
0.44456497899293596	0.23204416028739985	0.11881498839642292	0.20457587232324123
0.44763333551362083	0.23460228862557414	0.111179281597278	0.20658509426352706
0.44781086255885955	0.24293721634665477	0.10981939879825389	0.19943252229623182
0.44566755846508604	0.2424715119016066	0.11630762102957236	0.19555330860373507
0.4502912635988042	0.2454794785936323	0.10955136804762018	0.19467788975994332
0.45118521202882744	0.24577151032916167	0.10665228802761305	0.19639098961439772
0.45117558539237973	0.24800263730741431	0.1151226991009135	0.18569907819929257
0.45429560873625247	0.24248734461306826	0.10987058857246992	0.19334645807820935
0.4574956591485319	0.24572953952794677	0.09709213606874476	0.19968266525477657
0.4634196788027964	0.25657412185182416	0.08845389000048128	0.19155230934489828
0.46632471418623345	0.2499516259023428	0.08893833884366709	0.19478532106775678
0.462421894693374	0.2511773922370033	0.09444852535534157	0.19195218771428102
0.4574563451603982	0.2566061693303521	0.09565018575457632	0.19028729975467346
0.4550565368985603	0.25556150409976536	0.09800336307084688	0.19137859593082757
0.44537476642372364	0.2646775976778769	0.09939538617457545	0.19055224972382398
0.4393640920879565	0.2658171940501558	0.09956185390718715	0.19525685995470052
0.4409499488474376	0.259394905776638	0.10093157753213933	0.1987235678437852
0.44061181221492296	0.26283232923396577	0.09636965385716248	0.20018620469394888
0.43904497615779603	0.25916443872521744	0.09622789139382834	0.2055626937231581
0.4387500587322493	0.25835523696365714	0.10138341283879211	0.20151129146530142
0.4443944410373498	0.2582990222073567	0.10270276988411943	0.19460376687117414
0.4396648646415714	0.2561471525318997	0.10031896351025442	0.20386901931627438
0.4374975087095591	0.264149182290027	0.09763234712702246	0.2007209618733914
0.4469142826154034	0.26045363081813355	0.09270080855294877	0.19993127801351424
0.4462171351237863	0.25872075645795745	0.09702028367173401	0.1980418247465223
0.4474784035728599	0.2651773386407118	0.09037547548331795	0.19696878230311035
0.4464733193741541	0.2659963246552109	0.08996463812540469	0.19756571784523028
0.44793302027284854	0.26652326776444635	0.08631505677136644	0.19922865519133873
0.44131097557080423	0.2669619472824583	0.08760758389000652	0.20411949325673087
0.44098049990466215	0.2667888552486238	0.08805187077570828	0.20417877407100574
0.4494452040227696	0.26580908086884747	0.0864396219824366	0.19830609312594638
0.45165545114164457	0.2722264107674854	0.07955779137331877	0.19656034671755132
0.44857237267506517	0.2694823576406802	0.08026982652014714	0.2016754431641075
0.44405464176721254	0.26332415981610907	0.08598154686478246	0.20663965155189598
0.44007877960149505	0.26817214485110985	0.07862746567609782	0.2131216098712973
0.43597566877389204	0.26832447550045047	0.07502623830199731	0.22067361742366018
0.4347684256787626	0.2708147391647816	0.08202004240929485	0.21239679274716097
0.4333995713659994	0.26546329448556544	0.08308904781692739	0.21804808633150774
0.42823609221156683	0.26446885345521914	0.09031050787781825	0.2169845464553957
0.43068541915519215	0.2603273705993889	0.0903191060178612	0.21866810422755775
0.4279131207511019	0.25413137769243066	0.089500080726032	0.22845542083043532
0.4349942278466798	0.2467399296200495	0.08942609814472688	0.22883974438854382
0.4326919072848134	0.24534063636401518	0.09301937434563358	0.22894808200553793
0.4395035953491139	0.24872400450361423	0.0877545831099582	0.22401781703731372
0.4418703642315853	0.2518023189331402	0.09161691370259582	0.2147104031326788
0.4430199424738624	0.25577768304365694	0.08269830421416542	0.2185040702683151
0.4448143262670766	0.252859219392982	0.08563238231097352	0.21669407202896793
0.43843127656488323	0.2562520125880558	0.09434805231840372	0.21096865852865734
0.44295029736100433	0.25924432140217657	0.07786446779107639	0.21994091344574268
0.44933189648334293	0.25916693123872814	0.0727239945931372	0.2187771776847918
0.44768656887608066	0.2583891572833033	0.07685135507128832	0.2170729187693277
0.4552065704271283	0.2584735301391936	0.07204378462733879	0.21427611480633926
0.46113044569425415	0.2620898174774118	0.0711539725401359	0.20562576428819807
0.46147952904653067	0.2616794090856838	0.06297458263671385	0.21386647923107166
0.4576411365067998	0.2617147291213193	0.06593005882530865	0.21471407554657224
0.45878556514776714	0.26980718517072083	0.05396143703414417	0.21744581264736781
0.45650058052048575	0.2640661232214823	0.062181449859442094	0.21725184639858988
0.4569809251873961	0.2669036390075219	0.061852408302887976	0.21426302750219414
0.4551037059680765	0.2703422225733137	0.06178890527017144	0.21276516618843827
0.46330676956994127	0.27091320775489014	0.058783159146551384	0.20699686352861715
0.4740471051987535	0.2645613356660257	0.05505615256740005	0.20633540656782065
0.4713863954331585	0.27119507672126253	0.05465704862150268	0.2027614792240763
0.4756138207992442	0.26535250169515195	0.05062496493469552	0.20840871257090837
0.4854560104301118	0.25863114214970023	0.0557189581545837	0.20019388926560433
0.4752092443696001	0.2503505328609165	0.06935856847658238	0.20508165429290107
0.4888814987009673	0.24938958980763065	0.06184832506611302	0.19988058642528903
0.4945786586705648	0.23862028623401987	0.06262477966609475	0.20417627542932063
0.4963191861193267	0.24059374081848905	0.06532023634934823	0.197766836712836
0.49079665521404936	0.24155774117795886	0.06699606321556843	0.20064954039242341
0.4936794794870274	0.25223780237217874	0.0631325630240856	0.19095015511670835
0.47959533059627824	0.24887121247866792	0.07351114809341695	0.1980223088316369
0.4815223266248252	0.24820089207566137	0.07375377137939923	0.1965230099201142
0.47470303795342667	0.247880594698488	0.08002085501060814	0.1973955123374771
0.47697463602868356	0.25009406889942704	0.07327240216030106	0.19965889291158836
0.47792826751858597	0.2442151389269128	0.07363363490409881	0.2042229586504025
0.4655818315341948	0.24707438525560124	0.08773965732630978	0.19960412588389417
0.46691935590123035	0.23994390123748832	0.0858322248891723	0.20730451797210897
0.45820246754901606	0.23607838348173113	0.09580998622045138	0.20990916274880145
0.45707231386085645	0.23578005000925448	0.1068787227011986	0.20026891342869038
0.45839664309496025	0.23725238731260104	0.10342823165865826	0.20092273793378043
0.450445603898123	0.23941512250711816	0.11090936750591965	0.19922990608883917
0.45270869937048663	0.2333379214415691	0.108099352537018	0.20585402665092628
0.448555057439003	0.23795661520283884	0.10817651847120209	0.20531180888695605
0.4475309123061452	0.23479770937848418	0.10983502797787373	0.20783635033749695
