0.2537250121107543	0.2466338951869621	0.2461677170831816	0.25347337561910205
0.2578858381398042	0.2484977043280007	0.24080819711208493	0.2528082604201103
0.2577448255080341	0.24776644893752586	0.24230170586716662	0.2521870196872735
0.2655855044526524	0.24370148782743395	0.23788943027247272	0.252823577447441
0.27075756262615014	0.23844952572317296	0.23638592919078089	0.254406982459896
0.2760504804076989	0.23744627889867245	0.23487342161901945	0.25162981907460913
0.2770299898099634	0.23736669425458595	0.2326519448719448	0.252951371063506
0.28239268496172104	0.23623983957746383	0.22843666068999646	0.25293081477081875
0.2877050786644809	0.23626199203088846	0.22064953478458174	0.25538339452004893
0.288801165961371	0.23321849188561591	0.21675871608164207	0.2612216260713711
0.29115600285932863	0.23344414474332464	0.21517996775996118	0.2602198846373856
0.295017694270372	0.23149529278507913	0.21192534800827434	0.2615616649362745
0.29799280402315015	0.2302720620167866	0.20654102311199088	0.2651941108480723
0.3012118051005199	0.2266040316731995	0.2004684782753363	0.27171568495094434
0.30851006148050064	0.22379828039741698	0.19589439980094062	0.2717972583211418
0.3123560856444698	0.2225095043524015	0.1904902272086246	0.27464418279450403
0.3147612540307668	0.22173777756780222	0.1856329677533876	0.27786800064804335
0.3185373030050756	0.22027837866711872	0.17923475958189436	0.2819495587459113
0.32188119115757513	0.2226822951633904	0.17577067336925203	0.27966584030978253
0.32501016412809913	0.21963209078810625	0.17697476055747885	0.27838298452631566
0.32863717751546556	0.21897626697484027	0.17496739672573278	0.27741915878396134
0.3296900611483601	0.21770183712845873	0.17319428230598374	0.2794138194171976
0.33250494188235447	0.21631651075014333	0.17244710967421642	0.27873143769328573
0.33556262760758204	0.21652538778806024	0.16959477797316208	0.2783172066311956
0.33799804591091703	0.2157182611797258	0.16866124313506137	0.2776224497742957
0.34056894584086816	0.2153947138359344	0.16646871200147723	0.2775676283217202
0.3434964844548077	0.21785044683645002	0.16325405758584874	0.27539901112289356
0.34766891615200235	0.2185592270540958	0.1598648656171495	0.2739069911767525
0.3491056244799816	0.22208804980761138	0.16001015039671468	0.26879617531569233
0.3509793193836096	0.21932088519950002	0.16019224719302644	0.26950754822386397
0.3529856471577544	0.2209853799516236	0.15710192376270818	0.2689270491279139
0.35960826064363755	0.21717749519116789	0.15157651733039929	0.2716377268347952
0.36522916784528975	0.2127758643701146	0.15348578573766633	0.26850918204692925
0.36754040386797476	0.21708737061565841	0.14946915918728088	0.26590306632908606
0.3684258907511671	0.21401299769962354	0.14845538109171652	0.26910573045749286
0.3726069943970177	0.21057483505124802	0.14946612974725837	0.2673520408044758
0.36931896751758814	0.21355100042462608	0.14529952031573873	0.2718305117420471
0.3736394779282408	0.209753814447861	0.14078400444261271	0.2758227031812853
0.3746091966761642	0.20623669039492734	0.1434470377002786	0.2757070752286298
0.3721353694581543	0.20854175541551215	0.14295908331286625	0.27636379181346726
0.37445518855508875	0.20562956648770314	0.14244442177424688	0.27747082318296123
0.37671832235185904	0.20165289408620088	0.1447873326823259	0.2768414508796141
0.38201284174736516	0.19972220271401797	0.14193536636901755	0.2763295891695993
0.3848508734122292	0.19738993497144303	0.1420697463814516	0.2756894452348762
0.38590659633500296	0.20128335872423145	0.1397994831495539	0.2730105617912117
0.385904692584275	0.20396407947947487	0.13714969854661185	0.27298152938963827
0.3857461464420791	0.204481774472026	0.13280626222125658	0.2769658168646382
0.3868134549258892	0.20528324779517754	0.13265651063362385	0.2752467866453095
0.3870701708928762	0.2103391325039786	0.13020171055656188	0.27238898604658335
0.383314868520396	0.21410912445926936	0.12672628221212745	0.2758497248082073
0.38737546934383554	0.2151382693968201	0.12840747413915238	0.26907878712019195
0.39184570234189114	0.21299698939606937	0.12277064002343374	0.2723866682386058
0.39588743988962244	0.2109174736655314	0.11943243292864193	0.27376265351620427
0.39417160897030457	0.20804478017190264	0.12220168259847214	0.27558192825932054
0.3951529316716263	0.2077749428015376	0.12089882626707603	0.2761732992597601
0.3994858057038087	0.2069337878864185	0.11996799362393441	0.2736124127858384
0.40355984390166494	0.20838272262000876	0.11812802190192333	0.2699294115764029
0.4056710629606676	0.21028284026672328	0.1141507377370753	0.26989535903553374
0.4049505134013722	0.213372968347399	0.1167278630713736	0.26494865517985516
0.40805007380725766	0.21210041619387612	0.11488818291323032	0.26496132708563597
0.41008885444606263	0.2118957267947814	0.11470259499375876	0.2633128237653972
0.4112045499393246	0.21202889128797658	0.112775387526844	0.2639911712458548
0.41491405300564654	0.2136236156370371	0.11249376363188165	0.2589685677254347
0.4079046569568873	0.2121226483854481	0.11596454579192156	0.2640081488657431
0.4106687865720617	0.21429261819759357	0.11198393394226246	0.26305466128808236
0.4103158535599084	0.21892801456636374	0.11158838955133718	0.2591677423223907
0.4096782811777152	0.22161695320896357	0.11013239661053253	0.25857236900278874
0.41374309404799403	0.21992291550438756	0.10878831795975204	0.2575456724878663
0.4129801335804305	0.2126195469372767	0.11270456232222495	0.2616957571600679
0.413688202337608	0.21537880320032474	0.11338748444307115	0.25754551001899606
0.4125551867906781	0.21615693560001212	0.11703188961757463	0.2542559879917352
0.41041059254825346	0.21700869620132013	0.11894879436625473	0.25363191688417175
0.4109567908054473	0.2195575147811895	0.11713748330692036	0.25234821110644295
0.40777075449319333	0.21884702937545528	0.12034277354525118	0.2530394425861002
0.40921202057771544	0.21743853445412065	0.12140658988581768	0.25194285508234626
0.4131096629962523	0.21825606977433365	0.11599886662113128	0.2526354006082828
0.40862990962202445	0.22147338423868207	0.11884514538314156	0.251051560756152
0.40998086084195146	0.22280933395560387	0.1192787871753387	0.2479310180271059
0.412445886942043	0.21888514047264615	0.12246045283324805	0.24620851975206287
0.4108337805394245	0.2189336030991447	0.12486775012572651	0.24536486623570433
0.4108706420092999	0.22286502808000871	0.12249257862380622	0.2437717512868851
0.41216882412302636	0.22215652077684675	0.12588344679240454	0.23979120830772238
0.40908103676782237	0.22386277765717874	0.12668613839510146	0.24037004717989735
0.40931666385929966	0.22449131787906798	0.125567148996484	0.24062486926514828
0.41310593865552925	0.22371058947456468	0.1252230550891323	0.23796041678077368
0.41655853677941795	0.22783495747579477	0.11946505852670099	0.23614144721808625
0.424445467093767	0.22654564420583923	0.11642454681862148	0.23258434188177238
0.4224979233018919	0.2268647760819772	0.11885022960251372	0.23178707101361726
0.4236801660117742	0.22837674192407964	0.11976818556785133	0.22817490649629485
0.4285726695814438	0.22406877081101773	0.11797250518906012	0.22938605441847842
0.4252971231442189	0.22417042592647207	0.11796628185017083	0.23256616907913824
0.42448650490136375	0.22021775787695194	0.12367996960185296	0.23161576761983133
0.4298316456903101	0.21850876846597286	0.12299502146533674	0.22866456437838031
0.43142389861198316	0.21633883801305764	0.1203598183648988	0.23187744501006038
0.4342735275034055	0.2160605795429267	0.12034651782915039	0.22931937512451744
0.4363891167390136	0.21777865654170464	0.12043987942683293	0.2253923472924488
0.43500340766709833	0.21940624674997197	0.12022503020825273	0.22536531537467705
0.4457154848882997	0.21951625053897278	0.11496412374540403	0.21980414082732347
0.4464526602917974	0.21790832519309083	0.11910324008411635	0.21653577443099542
0.44948094980781855	0.22055400192483318	0.11829412050525992	0.2116709277620884
0.45282282405748403	0.21779943892053275	0.11856993608249064	0.21080780093949272
0.45232784781144336	0.21528317221200438	0.11910986643178943	0.21327911354476287
0.45160400247914545	0.21551201464307038	0.12100190388935698	0.21188207898842717
0.44534572236551556	0.21931176770395558	0.12258314403099217	0.21275936589953667
0.44550944756965283	0.22157811683388326	0.12417265874202599	0.20873977685443806
0.44602797706673764	0.2202293786200343	0.12546965918709885	0.20827298512612918
0.4476027316852551	0.21997541954833372	0.12246557735454353	0.20995627141186768
0.4426263808560602	0.22066078984948806	0.12484456940501319	0.21186825988943858
0.4439486821487464	0.22173149965018038	0.12282109818672025	0.21149872001435302
0.4481444893801999	0.2196699634860044	0.12125556414352447	0.2109299829902713
0.4510935816086892	0.21754688345497575	0.12067329894066209	0.21068623599567302
0.4509391045027936	0.2143130103925997	0.11853243444025546	0.21621545066435116
0.4529818668435867	0.21369407445320415	0.11866955660429153	0.21465450209891757
0.4517087536284726	0.21056409357091646	0.11846180473177544	0.21926534806883546
0.45285193642998756	0.21256105937984074	0.11808447353581117	0.21650253065436065
0.44965613010212396	0.21722170504171506	0.11693239774103131	0.21618976711512972
0.45032786228563765	0.21608835384706845	0.11815569134455281	0.2154280925227411
0.45328174869368376	0.2222804485686698	0.1140495889487136	0.21038821378893297
0.45271789791116507	0.22197363983897572	0.11583381349513046	0.20947464875472888
0.45573668547680096	0.2183714668603748	0.11618028592756804	0.2097115617352562
0.45286966391614975	0.21907361201994655	0.11740935478155574	0.21064736928234792
0.44996856870250157	0.22459048547702867	0.11460061208841146	0.21084033373205827
0.45189421197825713	0.2212766348458474	0.11643513687068581	0.21039401630520976
0.4500066142364006	0.22304718339327717	0.11760889149945275	0.2093373108708695
0.4486279294426275	0.22262569935650817	0.1144093730183847	0.21433699818247953
0.4492670984143722	0.22479468595471294	0.11275472811763332	0.21318348751328148
0.45364186670613726	0.22412317809054802	0.10806828284745364	0.214166672355861
0.45510735748448516	0.2238824952466007	0.10953205715011294	0.2114780901188012
0.4571522490385975	0.22471929759382656	0.10800905236768872	0.21011940099988713
0.45462184318825405	0.2268243971252563	0.11151776938851844	0.20703599029797123
0.4568621664801548	0.22614242355673136	0.11403749701978888	0.20295791294332488
0.45716671245181406	0.22580444471604716	0.11293760935853459	0.20409123347360422
0.4604298846222521	0.22457383693016097	0.11311534962452172	0.2018809288230652
0.4650442079889453	0.22302955811159805	0.11372034243572449	0.1982058914637322
0.4664153552430816	0.2220969397278767	0.1165171767112394	0.19497052831780226
0.4668780647335123	0.22383245014109188	0.11372552799644904	0.19556395712894672
0.47425867329926474	0.21954454368438103	0.11210731219912753	0.1940894708172266
0.4723024329723842	0.22201641843525657	0.11496617294646934	0.19071497564588985
0.46518313888511903	0.22338710664864295	0.114542031871385	0.19688772259485307
0.4662383305886831	0.2225039718953816	0.11488187855364021	0.1963758189622952
0.4670958128559253	0.22144901336447778	0.11750713777760334	0.19394803600199365
0.468857911777573	0.2196551431508229	0.11704591966752395	0.19444102540408012
0.47418588220129115	0.2201365808814409	0.11295889598101136	0.19271864093625657
0.47940742766799277	0.2192819874783065	0.10820416282368078	0.19310642203002004
0.4809658012069715	0.21959339787633372	0.10795124483361847	0.1914895560830763
0.47585172686911054	0.22640553823627171	0.10723052343969827	0.1905122114549196
0.47375927411127616	0.23102417413543316	0.10594360742688658	0.18927294432640412
0.46988674050515516	0.23560591527430855	0.10594037529561731	0.1885669689249189
0.4704853995628462	0.2374885044053334	0.10573848466636881	0.1862876113654516
0.4686028275406229	0.2374502973103234	0.10794838199518053	0.18599849315387323
0.46453639609034114	0.2377242021392687	0.10757386977660324	0.19016553199378686
0.4664031908611334	0.2375277349941854	0.10653944588020442	0.1895296282644767
0.4640614861582198	0.24225040232938816	0.10618072832905424	0.1875073831833377
0.465206817787555	0.24174203625188842	0.10665340977135825	0.18639773618919833
0.46692567088516407	0.24314838055882315	0.10302034715218444	0.18690560140382828
0.4678074623190276	0.24226818406737216	0.10098977841535742	0.18893457519824283
0.46639060772392443	0.24367387925738668	0.10061824888396353	0.18931726413472522
0.46701646947947967	0.24661985215637788	0.09967296793943718	0.18669071042470534
0.46623134660902066	0.24561458332137073	0.1018088648692915	0.18634520520031722
0.4721343679365408	0.2449084800921649	0.0975308804674125	0.18542627150388172
0.47233121896332186	0.24409620567856016	0.09799230888985466	0.18558026646826342
0.47316266440788823	0.24273832648898658	0.09835519294528715	0.18574381615783808
0.47079157315362324	0.24409331755644526	0.09817429162350436	0.1869408176664272
0.4703065891952202	0.24580527180187944	0.09688627688963275	0.18700186211326758
0.46709742817674116	0.24168945980781295	0.09947934643186634	0.19173376558357952
0.4683144047734757	0.2378882585882125	0.10383811661620417	0.1899592200221077
0.4683794620024943	0.236408274143435	0.10594079126186971	0.18927147259220095
0.4692831535548029	0.2349241073755647	0.10696962465945307	0.18882311441017938
0.4667766826093394	0.23349291378753842	0.1064280049402614	0.19330239866286084
0.4650469733965514	0.23617946682359406	0.10596204413597207	0.1928115156438824
0.46115773774874186	0.23692618414400138	0.111116776055068	0.19079930205218884
0.46278223024750403	0.24281953774524223	0.10916192542293036	0.18523630658432333
0.4590575375539265	0.24130967131142406	0.11063600103833182	0.1889967900963175
0.4627401609208715	0.2408865056903623	0.1072741279012402	0.189099205487526
0.46186892788462713	0.2385493400682546	0.11119855788389339	0.18838317416322498
0.46355079658299797	0.23737558104397022	0.11102691305535153	0.18804670931768022
0.46231716294972536	0.24437615759839912	0.10638162122683276	0.18692505822504277
0.46632740551734836	0.23944135562493693	0.10623252601460074	0.187998712843114
0.466703430838723	0.2380008933551904	0.10733807717747394	0.18795759862861264
0.46830946074737007	0.23822037059517182	0.10953100376134976	0.18393916489610831
0.4699742118327396	0.23912625891189726	0.10858631826830879	0.18231321098705427
0.4716800993469885	0.24100067624116348	0.10786946366670482	0.17944976074514332
0.47511643089204203	0.2393349353570421	0.10728435536271919	0.1782642783881967
0.4728300091301446	0.24081737623156452	0.10911190478339108	0.17724070985489968
0.47451313239504156	0.23826832586721144	0.10883671289117611	0.1783818288465709
0.47304907752147074	0.2359025022284771	0.10732931393715801	0.1837191063128942
0.47158417954773146	0.2351742080437679	0.11197323891222548	0.1812683734962752
0.4699801845968986	0.24116033282911356	0.11114313974921469	0.17771634282477308
0.4723622816744929	0.23847996441744296	0.11015918315201227	0.1789985707560518
0.47077169568097915	0.24198583512359811	0.10443526876728175	0.18280720042814103
0.4701024240686067	0.24214673101082618	0.10690979114668242	0.1808410537738848
0.4733589371762978	0.2410713823640516	0.10344172669043074	0.18212795376921986
0.4703801524262108	0.23879293115381836	0.102920553609852	0.18790636281011897
0.47196804186727265	0.2389395206675862	0.09763027421335156	0.19146216325178966
0.4703474096527584	0.2394611462913132	0.098932425716538	0.1912590183393903
0.4737239445727898	0.23848499097180384	0.09569961358649089	0.19209145086891535
0.4670623749846019	0.23747727115863249	0.09989853934355511	0.19556181451321045
0.4716034593577422	0.23883644311226387	0.09608318640944905	0.19347691112054496
0.46689412789655477	0.23862152881241228	0.0973014767172346	0.19718286657379822
0.4647967031112954	0.23649481646229759	0.10032622094106199	0.1983822594853451
0.46322255273862656	0.23882571722262572	0.09833140948639413	0.19962032055235357
0.46089989772557144	0.2405225586864923	0.10049063034699622	0.19808691324094008
0.4611293494463098	0.24199906081470832	0.10019246818202322	0.19667912155695857
0.4577815469779405	0.2481187312440001	0.0956412086803875	0.19845851309767182
0.4588757018297793	0.24969782264254758	0.09587524066825874	0.1955512348594143
0.4593436356262516	0.24618517245439092	0.09569807418205485	0.1987731177373026
0.4604969225896442	0.24325433263511592	0.09768783911924553	0.19856090565599438
0.4603726193171682	0.246927198186354	0.09559152049019085	0.19710866200628696
0.45738644369964465	0.24827283110851375	0.0946781534518378	0.19966257174000374
0.46223259000536604	0.24427429726499866	0.09541704974074736	0.19807606298888789
0.46221558446456174	0.243386513303435	0.09723229195585867	0.19716561027614465
0.4635337396560798	0.24608249557817485	0.0985256161679664	0.19185814859777908
0.4626375333022725	0.2498829179092407	0.09888383619268325	0.18859571259580366
0.46535465580104357	0.2502876713843011	0.09587562952118578	0.18848204329346963
0.4688108319585101	0.2506468330257792	0.09211520369973852	0.1884271313159722
0.4706137862223258	0.25040969834923316	0.0926015392073467	0.1863749762210943
0.47069906956677277	0.24608978907052648	0.09930615826485392	0.18390498309784672
0.4661448536777043	0.24449427050735548	0.10324878505555452	0.18611209075938565
0.46490607440618853	0.2411171009907695	0.10354154421095053	0.19043528039209145
0.4658473724876374	0.2407427921624278	0.10349179038188432	0.1899180449680506
0.4639494569278914	0.2422526289676906	0.10581667416326723	0.1879812399411507
0.46289423537024615	0.23749972990262685	0.10670626509536613	0.19289976963176092
0.45990020026984185	0.239685405126658	0.1100221673909807	0.1903922272125195
0.45755990917179246	0.23974177959620002	0.10883808114180725	0.19386023009020018
0.4599649958105545	0.24410243239715573	0.10421373233788148	0.19171883945440824
0.4588252641409197	0.24419982947975455	0.10766538942056283	0.18930951695876289
0.4573712118917981	0.2432975538771591	0.10832023046545626	0.19101100376558655
0.45948214112776853	0.24490026177665358	0.10762933881734328	0.18798825827823473
0.4608209536602315	0.24702138577034097	0.105866308187289	0.18629135238213854
0.4620369270511778	0.24732761288719582	0.10550304689136407	0.1851324131702622
0.46215888528603594	0.24814815109629426	0.10593715222797705	0.18375581138969282
0.46192909888811884	0.25096457008052825	0.10425134901647455	0.18285498201487846
0.46348516841505216	0.25113002148687363	0.10469387531315391	0.1806909347849203
0.46245997206236206	0.2530040953955867	0.10441136531029872	0.18012456723175266
0.4651870131127795	0.25327572238352836	0.10294883657213946	0.17858842793155275
0.46244502440378715	0.25301755222781774	0.10151987177919199	0.18301755158920313
0.4616177944696318	0.251059899977529	0.10104316275566463	0.18627914279717456
0.4574293553259761	0.2512258661280712	0.10319563841887044	0.1881491401270822
0.45797045412108983	0.24708181119784295	0.103507792701771	0.19143994197929629
0.46184678845102606	0.2505564401729183	0.10107771629174264	0.1865190550843131
0.46489393337721446	0.25038197726959077	0.10200304440971729	0.18272104494347743
0.46529443581525765	0.24798761728438773	0.10074945637730844	0.1859684905230462
0.46517197196698024	0.24497580803973937	0.10655439236232545	0.183297827630955
0.4639243921753783	0.24414638400089403	0.10688542285610993	0.1850438009676176
0.47072302283408907	0.24182043253486044	0.10382216051915398	0.18363438411189656
0.4697278934999826	0.24172145829574407	0.10287997953984145	0.18567066866443177
0.46975393764386436	0.24103290494184243	0.10048186661749986	0.18873129079679335
0.4700448469967448	0.24447606703279012	0.09833827662808779	0.18714080934237726
0.4769580837504006	0.24641785345338652	0.0918446363911221	0.18477942640509076
0.47723185932789103	0.24551346033914484	0.0884943246068056	0.18876035572615854
0.4767258529342368	0.24696499580001705	0.08488596734932645	0.1914231839164196
0.4742936544818046	0.24780388591877578	0.08422906351108383	0.19367339608833578
0.4728656250267262	0.24613780666122423	0.08540911298598929	0.1955874553260604
0.47377839008995903	0.24468551054231585	0.08742486067574155	0.19411123869198352
0.47280263788576665	0.24594293195086603	0.08632155667266037	0.19493287349070693
0.4738563223232148	0.24706330074406843	0.08698995866999325	0.1920904182627235
0.4730358707110103	0.24796721879743389	0.08521465574310295	0.19378225474845293
0.4738177562108448	0.2517146386340985	0.08365944525346261	0.190808159901594
0.47426469318488657	0.253146403467621	0.08304899954621302	0.18953990380127952
0.47769049239829126	0.2562733256212898	0.08108298297454043	0.18495319900587864
0.47928238978823734	0.258270650701309	0.07874651964484841	0.18370043986560525
0.47998296501562937	0.2621183833897923	0.07377266661548824	0.18412598497909005
0.48139073894888534	0.26196419692418543	0.07575740097643041	0.18088766315049876
0.4876991899874234	0.2632081664004311	0.07235436455401911	0.17673827905812647
0.4834841497511787	0.2683586664349908	0.07421283287687777	0.1739443509369527
0.4872502104064276	0.26681838036012984	0.0727806800479651	0.17315072918547741
0.4871251731498506	0.27150673536637243	0.066009383496594	0.17535870798718292
0.48343180376694667	0.2728294284618141	0.06951029415023045	0.1742284736210088
0.48133977120285354	0.27616381695606385	0.0704769956905818	0.17201941615050073
0.4795259505781904	0.2741171972643935	0.07804210696255426	0.16831474519486186
0.480267765665493	0.27406496324155566	0.07462602976942363	0.17104124132352766
0.47965266278643476	0.2759192061261166	0.0739615556781476	0.17046657540930105
0.48268483768359705	0.2775624509970383	0.0701302546461186	0.16962245667324605
0.4792790785372426	0.2744185248623639	0.0719300539690995	0.17437234263129409
0.4775832658700062	0.2759443598053036	0.07437387927924695	0.1720984950454433
0.47639398402507377	0.27653558722811433	0.07387320936233008	0.1731972193844819
0.47862186066684426	0.2715042109065912	0.07737092966828424	0.17250299875828026
0.47595767809931955	0.2739496802537708	0.07619083133494121	0.17390181031196836
0.4778594922267401	0.2724298413764122	0.07930739298706546	0.17040327340978226
0.4772788034207104	0.2757457187439723	0.08095065451171521	0.16602482332360202
0.4768627439924382	0.27441186024626896	0.08399589426129175	0.1647295015000011
0.4765427488377205	0.2708700996172849	0.08774854743504379	0.1648386041099508
0.47408603752507383	0.2698941075740894	0.09038412066093349	0.16563573423990327
0.4754488423531868	0.2648636698276068	0.09256215883389203	0.16712532898531432
0.47328460018280866	0.2701445565988191	0.09293365689258286	0.1636371863257894
0.46961912376091525	0.273722130222553	0.09121977129936491	0.165438974717167
0.46991875747375883	0.27452150096072614	0.09128160275883476	0.16427813880668027
0.46559690457567576	0.2769364317798396	0.09300915868564094	0.16445750495884376
0.4668186651829444	0.2764624189226363	0.09231775120270025	0.16440116469171917
0.464824622974664	0.2747557440207202	0.0951363726640412	0.16528326034057456
0.46335269970345	0.2724597976852771	0.09648049517724189	0.16770700743403108
0.4667147084880175	0.2723106798636643	0.09665188427150447	0.16432272737681375
0.46816644609496194	0.271483319752509	0.0980557592272632	0.16229447492526583
0.4695400377449828	0.2709022165732001	0.09739484002996338	0.16216290565185376
0.47295883294204993	0.27105068831257606	0.09807790668043517	0.1579125720649389
0.4726432368420141	0.2693274964406366	0.10078330229758922	0.15724596441976016
0.46985615327381436	0.26908669279995245	0.10128192640217472	0.15977522752405848
0.47516070734743243	0.27115647993436603	0.09819741682048415	0.15548539589771726
0.4796574439996303	0.26762299043492893	0.09831872015912618	0.15440084540631466
0.4795757861621048	0.2714462176346128	0.09637312537374232	0.1526048708295401
0.4803705600804504	0.27222042400987473	0.09396492915132656	0.15344408675834828
0.4802539262650935	0.2710099670002842	0.09427023045846056	0.15446587627616185
0.47690675642456665	0.27519514281889046	0.09517735793834826	0.15272074281819467
0.47725490767040185	0.27661552890280783	0.09625035658554121	0.1498792068412491
0.47646235504631185	0.27762224330679847	0.09509364565318089	0.15082175599370876
0.4758438180848162	0.2754703991005258	0.1003392865278287	0.14834649628682933
0.4770759503802119	0.2778274304803341	0.09752268598514505	0.14757393315430894
0.47133580499774747	0.27994715437284123	0.10112701751866668	0.1475900231107446
0.47666423922408374	0.2812775195522552	0.09654004771656795	0.1455181935070931
0.4753574254066735	0.2805452535245714	0.0960367025692678	0.14806061849948726
0.47190549004579485	0.28016707408631436	0.09748853647828395	0.15043889938960686
0.4672361888761724	0.2798578558380973	0.10140912976915915	0.15149682551657118
0.46554447389848425	0.28146229964133757	0.09824886699046825	0.15474435946970994
0.4649781203341151	0.28310777127030806	0.09652688061032935	0.15538722778524744
0.4619043008350318	0.2808368650870627	0.096686234073818	0.1605726000040874
0.4629554002864108	0.2817993961679828	0.09747155324757609	0.1577736502980304
0.46461149363575016	0.2800567107127331	0.09771197337446229	0.1576198222770545
0.46460688724768895	0.278503992469072	0.09825080427695226	0.15863831600628694
0.46528331590766214	0.2776982697430631	0.09626169834511529	0.16075671600415953
0.4654413148563326	0.2746678590206384	0.09622994244895347	0.16366088367407552
0.4667559042002466	0.27344152280069745	0.09631010090970311	0.16349247208935289
0.4616403356197503	0.27128431840005623	0.09861281302092252	0.16846253295927088
0.4634527382303623	0.2689459379446187	0.09820517130776817	0.16939615251725076
0.4649016201687916	0.26294105472073354	0.10075259262496858	0.17140473248550642
0.46701089603535556	0.2636580198405832	0.09739346738717457	0.17193761673688668
0.46583372206601753	0.2641096334825034	0.09763725106107049	0.17241939339040876
0.4673758341577434	0.2620676244437635	0.09842180243311612	0.17213473896537693
0.46910663633306493	0.2625699107126337	0.09970499472511477	0.16861845822918659
0.47034153490553093	0.2603212608807529	0.09947836078602995	0.16985884342768615
0.4703002976158983	0.25844410208482427	0.10408242373926092	0.16717317656001643
0.4722980442735255	0.2617709536277124	0.09988461991109558	0.16604638218766654
0.47473011779682367	0.2621398989904777	0.09912791206751458	0.16400207114518423
0.476679068764996	0.26235198168991053	0.0999672115544965	0.16100173799059708
0.4749708504711666	0.26155180608894624	0.09826384472696881	0.16521349871291843
0.4746020801537992	0.2579243855253823	0.104223795586042	0.16324973873477658
0.47283983511053473	0.2553817673735702	0.10639926199946363	0.16537913551643146
0.4709531684579155	0.25179246341103334	0.1075501108051464	0.16970425732590488
0.4781862935875368	0.24967557583559594	0.10170899984848872	0.1704291307283787
0.480328591710125	0.25002501133579086	0.09814822841143915	0.17149816854264496
0.4780473683703198	0.24914543854720625	0.10415587155445913	0.1686513215280149
0.4749026514591493	0.24766537995373547	0.10849557060520934	0.16893639798190593
0.47580995623914385	0.24649559444168426	0.10930590130117976	0.1683885480179922
0.480087855141228	0.24401070398044436	0.10654058089544667	0.16936085998288095
0.47977137166458006	0.24716541085129268	0.11087694041709938	0.16218627706702793
0.47603150014664863	0.24727727483415746	0.1109491306552738	0.16574209436392015
0.47546013659239567	0.24948896459938277	0.10781197331384111	0.16723892549438044
0.4751841206739249	0.2533636981276209	0.10284774306707171	0.1686044381313825
0.4733884275161539	0.24794784673890657	0.10427583069207176	0.17438789505286764
0.4786086310279507	0.24583191455346787	0.10630792153494274	0.1692515328836387
0.476382295142718	0.2452821312713034	0.11060890360688921	0.1677266699790893
0.4714857235532793	0.24445615539563328	0.11110529732166424	0.17295282372942328
0.46527911080089884	0.24651558568376014	0.1135147514665323	0.1746905520488087
0.4675536852881125	0.2501553007337779	0.10582773480427965	0.17646327917383012
0.4703799652464951	0.25044562436957896	0.10465505700642667	0.17451935337749927
0.47340818165545023	0.25171585264457297	0.10284370555562164	0.17203226014435524
0.4803771888854854	0.2474963108213165	0.09823627276288471	0.1738902275303134
0.48166072670011634	0.2470147233660973	0.09728889098154525	0.1740356589522411
0.48262408718093447	0.24738319161990321	0.09867954645097048	0.17131317474819185
0.4830013914670889	0.24688682443368115	0.09868574287733156	0.17142604122189842
0.47962203897198036	0.2489108722853622	0.09990474084355272	0.17156234789910474
0.47827576970871666	0.24681605623750508	0.10292226256853285	0.17198591148524542
0.48414190334854174	0.2479566016121431	0.09842733515227786	0.16947415988703735
0.4835234426170841	0.24485407696971978	0.10250862856391463	0.16911385184928154
0.48000368316843994	0.24670991038679074	0.10241223893448058	0.17087416751028886
0.4782394540628586	0.2452009012907473	0.10553548988895989	0.1710241547574341
0.47917761365236433	0.24463770403643156	0.10607932671565129	0.17010535559555273
0.47668204750844956	0.24361346543245413	0.1109241272443225	0.168780359814774
0.4720771187842453	0.24878028441114514	0.10894360511135028	0.17019899169325936
0.47556908021282823	0.24814780346804977	0.10583956415258818	0.1704435521665339
0.4822210569228688	0.24353416377529374	0.10323048969806882	0.17101428960376863
0.4784820665302227	0.24838356346811669	0.10539291994534127	0.16774145005631935
0.47723780547348854	0.24634944577612486	0.11053482289792069	0.16587792585246586
0.4761839885919803	0.24573658452172192	0.11111110701016473	0.1669683198761329
0.4716694506229471	0.24975860141682932	0.11113229316920537	0.16743965479101833
0.4705759394980555	0.2500794574236339	0.11117626749436965	0.16816833558394093
0.47465503615025967	0.2495921299072275	0.10812526103629419	0.16762757290621855
0.471305353104954	0.2528598987202187	0.10930247588556519	0.16653227228926207
0.4700235168921738	0.24893947878798728	0.10818212450322284	0.172854879816616
0.4693048953724135	0.24925959105770057	0.10966937290740453	0.17176614066248147
0.4733239269808305	0.24468548205957444	0.11019459010534656	0.17179600085424857
0.4789384526663277	0.24377043777250154	0.10549684131302478	0.17179426824814595
0.4785626740405042	0.2441828842295223	0.10842132444694016	0.1688331172830334
0.47812056300052225	0.24722952460016023	0.10827298660755515	0.16637692579176236
0.4836584959919216	0.24421305976287647	0.10803196519343246	0.16409647905176936
0.48225641428481425	0.2466153305157772	0.10743175701140353	0.16369649818800502
0.48176054711130867	0.24671005110736616	0.10519751925643947	0.1663318825248857
0.4855932488306594	0.2461846480680917	0.10226335237087625	0.16595875073037258
0.4871614517463603	0.2453257094220313	0.1027026517168474	0.1648101871147611
0.48350867025937005	0.2515383299563149	0.09945605191450785	0.16549694786980718
0.48636129169523157	0.2530192301218729	0.09596787815493638	0.16465160002795923
0.48568087885933586	0.24966913331077895	0.10082961419311187	0.16382037363677324
0.48804736014420985	0.2491461747768613	0.10086516568136161	0.16194129939756727
0.4840804468751575	0.2538352642828844	0.10133028997257376	0.16075399886938438
0.485778975686441	0.2552360846170948	0.10029568918892806	0.15868925050753602
0.482448234213026	0.25511821466325363	0.10212794504206142	0.1603056060816588
0.481635525625888	0.2569704290320294	0.10376117126622511	0.15763287407585755
0.48322420788437476	0.25429353554927486	0.10539413273371927	0.15708812383263127
0.4829018402791606	0.2565677250560432	0.10582430634751475	0.15470612831728137
0.4838538861151945	0.25733821742353313	0.10568690021952108	0.1531209962417514
0.483099513860175	0.2588874753470279	0.10400876263076898	0.15400424816202807
0.48337229443162005	0.25923203032459025	0.10761255295019678	0.1497831222935929
0.485070670655942	0.2544448423344126	0.10911923031599984	0.15136525669364564
0.4839179376468155	0.25631346902615965	0.10843611716707272	0.1513324761599521
0.48530262387650996	0.254287737390781	0.10809775062916355	0.15231188810354543
0.483981648094725	0.25847948416696154	0.10696067825314669	0.15057818948516682
0.48486425980652276	0.2622741258291744	0.10545789411897111	0.1474037202453317
0.4863599930099754	0.2637696324887999	0.10684274102572591	0.14302763347549885
0.4860028911143224	0.2652084713306883	0.10557494074410655	0.14321369681088278
0.4870269873250799	0.2675810588476004	0.10549548121829566	0.139896472609024
0.48343764414567136	0.26762902243972175	0.10724443700782728	0.14168889640677965
0.4806895677493821	0.2681876275730387	0.11074698466313594	0.1403758200144433
0.48240931858982294	0.2673909673499544	0.10787000293461972	0.1423297111256029
0.48331458499468627	0.2672031698740413	0.10921608206773241	0.14026616306354006
0.4800078566069952	0.2660618245066895	0.10998166407165645	0.14394865481465877
0.4790337897093856	0.26793475489997	0.10844764957221865	0.14458380581842573
0.4781685273523279	0.271644920078563	0.10904425803087608	0.141142294538233
0.46944569522374824	0.2761787344470971	0.11018869022548967	0.14418688010366507
0.47017890184297395	0.27642780948870327	0.10930175061696837	0.14409153805135425
0.47401268651214856	0.27632399125106577	0.10654750234758786	0.1431158198891979
0.47460755460606524	0.27534852169335805	0.10778913896992183	0.14225478473065487
0.47362620064184324	0.27498223965224355	0.10609105501185825	0.1453005046940549
0.47337106450533867	0.2725383919370406	0.10632614576772208	0.14776439778989864
0.47178888957443393	0.27152720469802644	0.10737919459232058	0.14930471113521904
0.4753280072083579	0.2717438948525566	0.10491045309878176	0.14801764484030383
0.4719290043547555	0.2744418779361213	0.10453904443387756	0.14909007327524576
0.47532035726941824	0.27553537843361187	0.09906735265606002	0.15007691164090986
0.4770520651014808	0.274615601121689	0.0983415718710611	0.1499907619057692
0.4798192666091848	0.27298063996891214	0.09689106184589494	0.15030903157600808
0.4786861202219969	0.275275856142427	0.0913996490908006	0.15463837454477547
0.47579902225619153	0.2759039928510964	0.09211255277154594	0.15618443212116614
0.47202754066235847	0.2774438411588027	0.0947169229515871	0.1558116952272517
0.4700446353625773	0.2790258302415785	0.09549569548855548	0.15543383890728873
0.47028270345885453	0.273755179432603	0.09751323265186551	0.1584488844566769
0.4628514179466094	0.2759615994061423	0.10123114204900154	0.15995584059824686
0.46386831100842263	0.27315378517848427	0.10092831752923137	0.16204958628386174
0.46819045999381914	0.27431378451502214	0.09552508813740584	0.16197066735375287
0.4662333860002633	0.27770405791227765	0.09632523120757673	0.1597373248798823
0.463394985204203	0.2798883481977107	0.09602137852329179	0.1606952880747945
0.46648697050018734	0.27916137967497034	0.09321204808970629	0.1611396017351359
0.4621307520811409	0.2789244604849469	0.09400132486918551	0.16494346256472667
0.4595898287870475	0.2749236510552551	0.09267674386467267	0.17280977629302471
0.45980099146616354	0.27158522449858713	0.09539545584038071	0.17321832819486868
0.4580330898856749	0.27346622690271166	0.09709318409663721	0.17140749911497624
0.4547554590076941	0.2716813597850202	0.0966121984745416	0.1769509827327442
0.4555229882578918	0.2696906742358604	0.09647236406780195	0.17831397343844585
0.45275764911615307	0.27164745034010385	0.09581022221042076	0.1797846783333224
0.45970429612617597	0.27133304330302754	0.09209148210140289	0.17687117846939363
0.4569230096956597	0.26760537583633515	0.09960537168789445	0.17586624278011073
0.4607385315939298	0.2695915178853133	0.10047082669148516	0.16919912382927177
0.4614685804348563	0.267360256328028	0.10313932684162092	0.16803183639549474
0.45824218729931343	0.26871437694490735	0.10326847712397957	0.16977495863179953
0.4581863707612237	0.26682816305337476	0.1056827564201824	0.16930270976521924
0.45655460637841316	0.2672365154328219	0.10507549956786659	0.17113337862089845
0.45671685176958066	0.2657916468117991	0.10896142235641541	0.16853007906220477
0.4598951963156062	0.26588761019779733	0.10403766267306003	0.17017953081353643
0.4607766258781439	0.265091561910279	0.10322967644565469	0.17090213576592228
0.4583209708540085	0.2665164624632322	0.10290811462518898	0.17225445205757026
0.46044340353206037	0.26861171426380126	0.10209522660300854	0.16884965560112977
0.4614601751906748	0.26741504460833004	0.10221181926427708	0.16891296093671815
0.46044804831259223	0.26614989433551944	0.10242921299337869	0.17097284435850957
0.4621956442317712	0.26842059324957424	0.10031622378034527	0.16906753873830935
0.4581227357958398	0.2715684273999453	0.10329286465093919	0.1670159721532757
0.45408265597477215	0.27096031860143766	0.10605367136675091	0.16890335405703918
0.4490298544017328	0.2726929842372807	0.10841163371954442	0.1698655276414421
0.4498704414756124	0.2726410972634708	0.11301775107519257	0.16447071018572415
0.45447552161351323	0.26340342752102514	0.11052162304354869	0.17159942782191293
0.4488298958585531	0.2644414683699894	0.11133651015604988	0.17539212561540762
0.4486984459407375	0.2702880134787663	0.1121566391047942	0.16885690147570198
0.44665753059575214	0.2720981578168574	0.11384430954624476	0.1674000020411456
0.4477393401733753	0.27259524753110137	0.10829481768982159	0.17137059460570173
0.4475717425620627	0.27433122997706466	0.10532321779927496	0.17277380966159758
0.44424368526078994	0.2731540968006312	0.10869600089790057	0.17390621704067824
0.4462824600435282	0.27274246300506627	0.10446894548182796	0.17650613146957758
0.4477163674814069	0.272815196248314	0.10357928271836904	0.17588915355190995
0.44033029976381627	0.2753959230123949	0.10751332604791658	0.17676045117587222
0.4411145741059475	0.27290814411587977	0.10830146807459205	0.17767581370358065
0.44238956185196177	0.27448795400108145	0.10518557045768898	0.17793691368926776
0.4433162301852697	0.27544354215600986	0.10467785113074093	0.17656237652797938
0.4416347111926797	0.2803349496141179	0.10196599407504829	0.17606434511815391
0.44148397061497335	0.27884619032866903	0.09775923467630991	0.1819106043800478
0.4409959807633971	0.27450317090035464	0.09729921293729357	0.18720163539895476
0.4390090152884062	0.2735090230667211	0.0992620766524155	0.18821988499245706
0.43932572641477236	0.2733434148094339	0.09847609209726847	0.18885476667852535
0.4376013533988346	0.2761133895850049	0.10021585084518139	0.1860694061709791
0.44238549815244205	0.2710674216503121	0.10225241648728614	0.18429466370995984
0.43905450684919	0.2721171086489706	0.10571852606169285	0.18310985844014652
0.43856082433390065	0.26904342461216874	0.10868936902915	0.18370638202478065
0.4371408571697529	0.26846050074473626	0.10621710871084537	0.18818153337466542
0.43493910289727294	0.26675494389935367	0.10596607244051885	0.19233988076285446
0.4377587318744562	0.2690413828361887	0.10552671238813179	0.18767317290122335
0.4353857808486487	0.27060532831630146	0.1053510703155792	0.18865782051947064
0.4351965843794254	0.26954924717960016	0.10353422304915427	0.19171994539182013
0.43303165567832436	0.2721731724335717	0.10095946704001739	0.19383570484808654
0.42989673601284545	0.2732411130494729	0.10312299715120346	0.19373915378647813
0.43300335011364327	0.27503043984540837	0.09868431995473456	0.19328189008621371
0.4355299271709556	0.2732460905068101	0.09961636034699209	0.19160762197524225
0.4349045610532419	0.2748624378913499	0.10102453665796932	0.18920846439743888
0.43170162578948795	0.27442320488801075	0.10190757157784901	0.19196759774465227
0.432068735359088	0.2748587901499469	0.10030157075866189	0.1927709037323031
0.4273066920034381	0.2726625632240802	0.10301336055841087	0.19701738421407083
0.428241627848762	0.27210690462264625	0.10251544136887791	0.1971360261597138
0.43108288405477646	0.2715491432367445	0.10243351307323509	0.19493445963524395
0.43267877237319935	0.27033495705107213	0.10215496729307198	0.19483130328265652
0.434422194936638	0.2750055568808372	0.09831960150604019	0.19225264667648467
0.431814185584156	0.2779373319725029	0.0973015698319655	0.19294691261137567
0.43655393474498033	0.28061978022546624	0.0936954379493415	0.1891308470802119
0.4342036892094786	0.27879923653718985	0.09378962302488146	0.19320745122844998
0.43663231871607217	0.2788164877989752	0.09140127357504914	0.19314991990990335
0.4366511311261964	0.27285272859773285	0.09430132858007974	0.19619481169599104
